    1   35   96    4.   malawi
    1   34   96    4.
    1   33   96    4.
    1   32   96    4.
    1   31   96    4.
    1   30   96    2.
    1   39   92    8.   tanganyika
    1   38   91   64.
    1   39   91   64.
    1   40   91   16.
    1   40   90   64.
    1   41   90   64.
    1   42   90   64.
    1   43   90   32.
    1   44   89    4.
    1   43   89    4.
    1   42   89   16.
    1   45   94   32.   victoria
    1   46   93    1.
    1   46   94    1.
    1   46   95   64.
    1   47   95   16.
    1   47   94   16.
    1   47   93   64.
    1   48   93    1.
    1   48   94    1.
    1   48   95    1.
    1   48   96   32.
    1   49   95   16.
    1   49   94   32.
    3    8   22    4.   caspian
    3    7   22    1.
    3    7   23    1.
    3    7   24    1.
    3    7   25    4.
    3    6   25   16.
    3    6   24   16.
    3    6   23   16.
    3    6   22    4.
    3    5   22   16.
    3    5   21    4.
    3    4   21    4.
    3    3   21    2.
    3    2   22   16.
    3    2   21    4.
    3    1   21    4.
    2   96   21    4.
    2   95   21    4.
    2   94   21    1.
    2   94   22    4.
    2   93   22    4.
    2   92   22    4.
    2   91   22    4.
    2   90   22   32.
    2   91   21   64.
    2   92   21   16.
    2   92   20    4.
    2   91   20   32.
    2   92   19   16.
    2   92   18   32.
    2   93   17    1.
    2   93   18    1.
    2   93   19    1.
    2   93   20    1.
    2   93   21   32.
    2   94   20   16.
    2   94   19   16.
    2   94   18   16.
    2   94   17  128.
    2   95   18    1.
    2   95   19    1.
    2   95   20   64.
    2   96   20   16.
    2   96   19   16.
    2   96   18   64.
    2   92   17   64.
    3    1   18    1.
    3    1   19    1.
    3    1   20   64.
    3    2   20   16.
    3    2   19   16.
    3    2   18   64.
    3    3   18    1.
    3    3   19    1.
    3    3   20   64.
    3    4   20   16.
    3    4   19   64.
    3    5   19    1.
    3    5   20   32.
    3    6   19   16.
    3    6   19    1.
    3    6   20    1.
    3    6   21   64.
    3    7   21   16.
    3    4   32   16.   aral
    3    4   31   16.
    3    4   30   16.
    3    4   29    4.
    3    3   29    1.
    3    3   30    1.
    3    3   31    4.
    3    2   31   16.
    3    2   30    4.
    3    1   30   32.
    3    2   29   16.
    3    2   28    2.
    3    1   29    8.
    3    2   47   16.   balkhash
    3    2   46   32.
    3    3   45   16.
    3    3   44    4.
    3    2   44   16.
    3    2   43    4.
    3    1   43   32.
    3   12   67   16.   baikal
    3   12   66  128.
    3   13   67  128.
    3   14   68   64.
    3   15   68   64.
    3   16   68   32.
    3   17   67    4.
    3   16   67    4.
    3   15   67    4.
    3   14   67    8.
    3   17   68   16.
    3   28   26   64.   ladoga
    3   29   26   16.
    3   30   26    4.
    3   28   27   16.
    3   77   56    8.   great slave
    3   76   55    1.
    3   76   56    4.
    3   75   56  128.
    3   76   57    1.
    3   71   56    1.   great bear
    3   71   57    4.
    3   70   57    1.
    3   70   58   64.
    3   71   58    2.
    3   70   59    2.
    3   90   47   16.   winnipeg
    3   91   46    4.
    3   90   46    4.
    3   89   46    4.
    3   88   46    1.
    3   88   47    4.
    3   87   47    4.
    3   86   47    1.
    3   86   48    8.
    3   91   39   16.   superior
    3   91   38   16.
    3   91   37   32.
    3   92   36    1.
    3   92   37    1.
    3   92   38    1.
    3   92   39  128.
    3   93   40  128.
    3   94   41   16.
    3   94   40.   8.
    3   93   39   16.
    3   93   38   16.
    3   93   37   16.
    3   93   36   16.
    3   93   35  128.
    3   94   36   64.
    3   92   40   64.
    3   91   36   64.
    3   95   36  128.   michigan
    3   96   37   16.
    3   96   36   64.
    5   61    1    1.
    5   61    2    1.
    5   61    3   32.
    5   62    2   16.
    5   62    1   16.
    3   96   35    4.
    3   95   35    4.
    3   95   37   64.
    3   94   35   16.
    3   94   34   16.   huron
    3   94   33   16.
    3   94   32   16.
    3   94   31   16.
    3   94   30   64.
    3   95   30    1.
    3   95   31    1.
    3   95   32    1.
    3   95   33   32.
    3   96   32   16.
    3   96   31   64.
    5   66    1    2.
    5   65    1    1.
    5   65    2    1.
    5   65    3   64.   erie
    5   66    3   16.
    5   66    2   64.
    5   67    2   64.
    5   68    2   16.
    5   68    1   64.
    5   69    1   16.
    3   96   28   16.   ontario
    3   96   27    2.
    3   95   28   16.
    3   95   27   16.
    3   95   26    4.
    3   94   26    8.
    
