17  Caspian tocell
     3   120   190     1    60
       120 121 122 123 124 125 126 127 128 129 130 131 132 133 134 135 136 137 138 139 140 141 142 143 144 145 146 147 148 149 150 151 152 153 154 155 156 157 158 159 160 161 162 163 164 165 166 167 168 169 170 171 172 173 174 175 176 177 178 179 180 181 182 183 184 185 186 187 188 189 190
    60   0   0   0   0   0   0   0   0   0   0   0   0   0   0   0   0   0   0   0   0   0   0   0   0   0   0   0   0   0   0   0   0   0   0   0   0   0   0   0   0   0   0   0   0   0   0   0   0   0   0   0   0   0   0   0   0   0   0   0   0   0   0   0   0   0   0   0   0   0   0   0
    59   0   0   0   0   0   0   0   0   0   0   0   0   0   0   0   0   0   0   0   0   0   0   0   0   0   0   0   0   0   0   0   0   0   0   0   0   0   0   0   0   0   0   0   0   0   0   0   0   0   0   0   0   0   0   0   0   0   0   0   0   0   0   0   0   0   0   0   0   0   0   0
    58   0   0   0   0   0   0   0   0   0   0   0   0   0   0   0   0   0   0   0   0   0   0   0   0   0   0   0   0   0   0   0   0   0   0   0   0   0   0   0   0   0   0   0   0   0   0   0   0   0   0   0   0   0   0   0   0   0   0   0   0   0   0   0   0   0   0   0   0   0   0   0
    57   0   0   0   0   0   0   0   0   0   0   0   0   0   0   0   0   0   0   0   0   0   0   0   0   0   0   0   0   0   0   0   0   0   0   0   0   0   0   0   0   0   0   0   0   0   0   0   0   0   0   0   0   0   0   0   0   0   0   0   0   0   0   0   0   0   0   0   0   0   0   0
    56   0   0   0   0   0   0   0   0   0   0   0   0   0   0   0   0   0   0   0   0   0   0   0   0   0   0   0   0   0   0   0   0   0   0   0   0   0   0   0   0   0   0   0   0   0   0   0   0   0   0   0   0   0   0   0   0   0   0   0   0   0   0   0   0   0   0   0   0   0   0   0
    55   0   0   0   0   0   0   0   0   0   0   0   0   0   0   0   0   0   0   0   0   0   0   0   0   0   0   0   0   0   0   0   0   0   0   0   0   0   0   0   0   0   0   0   0   0   0   1   4   0   4   0   0   0   4   0   1   4   0   0   4   0   0   4   0   0   0   0   0   0   0   0
    54   0   0   0   0   0   0   0   0   0   0   0   0   0   0   0   0   0   0   0   0   0   0   0   0   0   0   0   0   0   0   0   0   0   0   0   0   0   0   0   0   0   0   0   0   0   1  64   4 128   4   0   1 128   1   1  64   1   1 128   1   1 128   2   0   0   0   0   0   0   0   0
    53   0   0   0   0   0   0   0   0   0   0   0   0   0   0   0   0   0   0   0   0   0   0   0   0   0   0   0   0   0   0   0   0   0   0   0   0   8   0   0   0   0   1   4   0   1  64   8  16  64   4   1  64   8  16  16  16  16  16  16  16  16  16  16  16   0   0   0   0   0   0   0
    52   0   0   0   0   0   0   0   0   0   0   0   0   0   0   0   0   0   0   0   0   0   0   0   0   0   0   0   0   0   0   0   0   0   4  16   4  64   0   0   0   4  64   1   1  64   1   1   1  64   1  64   1   1   1   1   1   1   1   1   1   1   1   1   2   0   0   0   0   0   0   0
    51   0   0   0   0   0   0   0   0   0   0   0   0   0   0   0   0   0   0   0   0   0   0   0   0   0   0   0   0   0   0   0   0   2  16  64  16  64  16  16  16  16  32  16  16  16  16  16  16  16  16  16  16  16  16  16  16  16  16  16  16  16  16  16  16  16   0   0   0   0   0   0
    50   0   0   0   0   0   0   0   0   0   0   0   0   0   0   0   0   0   0   0   0   0   0   0   0   0   0   0   0   0   0   0   0   0   1   1   1   1   1   1   1   1   1   1   1   1   1   1   1   1   1   1   1   1   1   1   1   1   1   1   1   1   1   1   1   1   1   1   2   0   0   0
    49   0   0   0   0   0   0   0   0   0   0   0   0   0   0   0   0   0   0   0   0   0   0   0   0   0   0   0   0   0   4   0   4  16  16  16  16  16  16  16  16  16  16  16  16  16  16  16  16  16  16  16  16  16  16  16  16  16  16  16  16  16  16  16  16  16  16  16  16  16   0   0
    48   0   0   0   0   0   0   0   0   0   0   0   0   0   0   0   0   0   0   0   0   0   0   0   0   0   0   0   0  64   4  32   1   1   1   1   1   1   1   1   1   1   1   1   1   1   1   1   1   1   1   1   1   1   1   1   1   1   1   1   1   1   1   1   1   1   1   1   1   4   0   0
    47   0   0   0   0   0   0   0   0   0   0   0   0   0   0   0   0   0   0   0   0   0   0   0   0   0   0   0 128  16  16  64   4  16  16  16  16  16  16  16  16  16  16  16  16  16  16  16  16  16  16  16  16  16  16  16  16  16  16  16  16  16  16  16  16  16  16  16  16  16   0   0
    46   0   0   0   0   0   0   0   0   0   0   0   0   0   0   0   0   0   0   0   0   0   0   1   1   1   1   1   1   1   1  64   1   1   1   1   1   1   1   1   1   1   1   1   1   1   1   1   1   1   1   1   1   1   1   1   1   1   1   1   1   1   1   1   1   1   1   1   1   4   0   0
    45   0   0   0   0   0   0   0   0   0   0   0   0   0   0   0   0   0   0   0   0   0 128  16  16  16  16  16  16  16  16  16   4  16  16  16  16  16  16  16  16  16  16  16  16  16  16  16  16  16  16  16  16  16  16  16  16  16  16  16  16  16  16  16  16  16  16  16  16  16   0   0
    44   0   0   0   0   0   0   0   0   0   0   0   0   0   0   0   0   0   0   0   0   0   1   1   1   1   1   1   1   1   1  64   1   1   1   1   1   1   1   1   1   1   1   1   1   1   1   1   1   1   1   1   1   1   1   1   1   1   1   1   1   1   1   1   1   1   1   1   1   8   0   0
    43   0   0   0   0   0   0   0   0   0   0   0   0   0   0   0   0   0   0   0   0 128  16  16  16  16  16  16  16  16  16  16   4  16  16  16  16  16  16  16  16  16  16  16  16  16  16  16  16  16  16  16  16  16  16  16  16  16  16  16  16  16  16  16  16  16  16  16  16   0   0   0
    42   0   0   0   0   0   0   0   0   0   0   0   0   0   0   0   0   0   0   0   0   0   1   1   1   1   1   1   1   1   1  64   1   1   1   1   1   1   1   1   1   1   1   1   1   1   1   1   1   1   1   1   1   1   1   1   1   1   1   1   1   1   1   1   1   1   4   0   0   0   0   0
    41   0   0   0   0   0   0   0   0   0   0   0   0   0   0   0   0   0   0   0   0   0  64  16  16  16  16  16  16  16  16  16   4  16  16  16  16  16  16  16  16  16  16  16  16  16  16  16  16  16  16  16  16  16  16  16  16  16  16  16  16  16  16  16  16  16  16   0   0   0   0   0
    40   0   0   0   0   0   0   0   0   0   0   0   0   0   0   0   0   0   0   0   0   1   1   1   1   1   1   1   1   1   1  64   1   1   1   1   1   1   1   1   1   1   1   1   1   1   1   1   1   1   1   1   1   1   1   1   1   1   1   1   1   1   1   1   1   8   0   0   0   0   0   0
    39   0   0   0   0   0   0   0   0   0   0   0   0   0   0   0   0   0   0   0   0  64  16  16  16  16  16  16  16  16  16  16   4  16  16  16  16  16  16  16  16  16  16  16  16  16  16  16  16  16  16   4  16   4  16   4  16   4  16   4  16   4   4  16   8   0   0   0   0   0   0   0
    38   0   0   0   0   0   0   0   0   0   0   0   0   0   0   0   0   0   0   0   0   1   1   1   1   1   1   1   1   1   1  64   1   1   1   1   1   1   1   1   1   1   1   1   1   1   1   1   1   2  64  16  64  16   0  32  64   4  64   4  64   4  32  64   0   0   0   0   0   0   0   0
    37   0   0   0   0   0   0   0   0   0   0   0   0   0   0   0   0   0   0   0   0   0  32  16  16  16  16  16  16  16  16  16   4  16  16  16  16  16  16  16  16  16  16  16  16  16  16  16  16  16  16   0   0   0   0   0  64  16  64   4  64   2   0   0   0   0   0   0   0   0   0   0
    36   0   0   0   0   0   0   0   0   0   0   0   0   0   0   0   0   0   0   0   0   0   1   1   1   1   1   1   1   1   1  64   1   1   1   1   1   1   1   1   1   1   1   1   1   1   1   2   0   0   0   0   0   0   0   0   0   0   0  32  64  16   4   0   0   0   0   0   0   0   0   0
    35   0   0   0   0   0   0   0   0   0   0   0   0   0   0   0   0   0   0   0   0 128  16  16  16  16  16  16  16  16  16  16   4  16  16  16  16  16  16  16  16  16  16  16  16   4  16   4  16   0   0   0   0   0   0   0   0   0   0   0 128  16  16   0   0   0   0   0   0   0   0   0
    34   0   0   0   0   0   0   0   0   0   0   0   0   0   0   0   0   0   0   0   1   1   1   1   1   1   1   1   1   1   1  64   1   1   1   1   1   1   1   1   1   1   1   8  64   4  64   1   8   0   0   0   0   0   0   0   0   0   0   0   0   0   0   0   0   0   0   0   0   0   0   0
    33   0   0   0   0   0   0   0   0   0   0   0   0   0   0   0   0   0   0 128  16  16  16  16  16  16  16  16  16  16  16  16   4  16  16  16  16  16  16  16  16  16  16   0   0  32  64   4   0   0   0   0   0   0   0   0   0   0   0   0   0   0   0   0   0   0   0   0   0   0   0   0
    32   0   0   0   0   0   0   0   0   0   0   0   0   0   0   0   0   0   1   1   1   1   1   1   1   1   1   1   1   1   1  64   1   1   1   1   1   1   1   1   1   1   8   0   0   0  64   1   8   0   0   0   0   0   0   0   0   0   0   0   0   0   0   0   0   0   0   0   0   0   0   0
    31   0   0   0   0   0   0   0   0   0   0   0   0   0   0   0   0 128  16  16  16  16  16  16  16  16  16  16  16  16  16  16   4  16  16  16  16  16  16  16  16  16   0   0   0   0  64  16   0   0   0   0   0   0   0   0   0   0   0   0   0   0   0   0   0   0   0   0   0   0   0   0
    30   0   0   0   0   0   0   0   0   0   0   0   0   0   0   0   1   1   1   1   1   1   1   1   1   1   1   1   1   1   1  64   1   1   1   1   1   1   1   1   1   1   2   0   0   0   0   0   0   0   0   0   0   0   0   0   0   0   0   0   0   0   0   0   0   0   0   0   0   0   0   0
    29   0   0   0   0   0   0   0   0   0   0   0   0   0   0   0  64  16  16  16  16  16  16  16  16  16  16  16  16  16  16  16   4  16  16  16  16  16  16  16  16  16  16  16   0   0   0   0   0   0   0   0   0   0   0   0   0   0   0   0   0   0   0   0   0   0   0   0   0   0   0   0
    28   0   0   0   0   0   0   0   0   0   0   0   0   0   0   0   1   1   1   1   1   1   1   1   1   1   1   1   1   1   1  64   1   1   1   1   1   1   1   1   1   1   8   0   0   0   0   0   0   0   0   0   0   0   0   0   0   0   0   0   0   0   0   0   0   0   0   0   0   0   0   0
    27   0   0   0   0   0   0   0   0   0   0   0   0   0   0 128  16  16  16  16  16  16  16  16  16  16  16  16  16  16  16  16   4  16  16  16  16  16  16  16  16  16   0   0   0   0   0   0   0   0   0   0   0   0   0   0   0   0   0   0   0   0   0   0   0   0   0   0   0   0   0   0
    26   0   0   0   0   0   0   0   0   0   0   0   0   0   0   1   1   1   1   1   1   1   1   1   1   1   1   1   1   1   1  64   1   1   1   1   1   1   1   1   1   4   0   0   0   0   0   0   0   0   0   0   0   0   0   0   0   0   0   0   0   0   0   0   0   0   0   0   0   0   0   0
    25   0   0   0   0   0   0   0   0   0   0   0   0   0   0  64  16  16  16  16  16  16  16  16  16  16  16  16  16  16  16  16   4  16  16  16  16  16  16  16  16  16   0   0   0   0   0   0   0   0   0   0   0   0   0   0   0   0   0   0   0   0   0   0   0   0   0   0   0   0   0   0
    24   0   0   0   0   0   0   0   0   0   0   0   0   0   1   1   1   1   1   1   1   1   1   1   1   1   1   1   1   1   1  64   1   1   1   1   1   1   1   1   1   4   0   0   0   0   0   0   0   0   0   0   0   0   0   0   0   0   0   0   0   0   0   0   0   0   0   0   0   0   0   0
    23   0   0   0   0   0   0   0   0   0   0   0   0   0  64  16  16  16  16  16  16  16  16  16  16  16  16  16  16  16  16  16   4  16  16  16  16  16  16  16  16  16   0   0   0   0   0   0   0   0   0   0   0   0   0   0   0   0   0   0   0   0   0   0   0   0   0   0   0   0   0   0
    22   0   0   0   0   0   0   0   0   0   0   0   0   0   1   1   1   1   1   1   1   1   1   1   1   1   1   1   1   1   1  64   1   1   1   1   1   1   1   1   1   8   0   0   0   0   0   0   0   0   0   0   0   0   0   0   0   0   0   0   0   0   0   0   0   0   0   0   0   0   0   0
    21   0   0   0   0   0   0   0   0   0   0   0   0   0  64  16  16  16  16  16  16  16  16  16  16  16  16  16  16  16  16  16   4  16  16  16  16  16  16  16  16   0   0   0   0   0   0   0   0   0   0   0   0   0   0   0   0   0   0   0   0   0   0   0   0   0   0   0   0   0   0   0
    20   0   0   0   0   0   0   0   0   0   0   0   0   0   1   1   1   1   1   1   1   1   1   1   1   1   1   1   1   1   1  64   1   1   1   1   1   1   1   1   2   0   0   0   0   0   0   0   0   0   0   0   0   0   0   0   0   0   0   0   0   0   0   0   0   0   0   0   0   0   0   0
    19   0   0   0   0   0   0   0   0   0   0   0   0   0  64  16  16  16  16  16  16  16  16  16  16  16  16  16  16  16  16  16   4  16  16  16  16  16  16  16  16  16   0   0   0   0   0   0   0   0   0   0   0   0   0   0   0   0   0   0   0   0   0   0   0   0   0   0   0   0   0   0
    18   0   0   0   0   0   0   0   0   0   0   0   0   1   1   1   1   1   1   1   1   1   1   1   1   1   1   1   1   1   1  64   1   1   1   1   1   1   1   1   1   2   0   0   0   0   0   0   0   0   0   0   0   0   0   0   0   0   0   0   0   0   0   0   0   0   0   0   0   0   0   0
    17   0   0   0   0   0   0   0   0   0   0   0   0  64  16  16  16  16  16  16  16  16  16  16  16  16  16  16  16  16  16  16   4  16  16  16  16  16  16  16  16  16  16   0   0   0   0   0   0   0   0   0   0   0   0   0   0   0   0   0   0   0   0   0   0   0   0   0   0   0   0   0
    16   0   0   0   0   0   0   0   0   0   0   0   0   0   1   1   1   1   1   1   1   1   1   1   1   1   1   1   1   1   1  64   1   1   1   1   1   1   1   1   1   2   0   0   0   0   0   0   0   0   0   0   0   0   0   0   0   0   0   0   0   0   0   0   0   0   0   0   0   0   0   0
    15   0   0   0   0   0   0   0   0   0   0   0   0 128  16  16  16  16  16  16  16  16  16  16  16  16  16  16  16  16  16  16   4  16  16  16  16  16  16  16  16  16  16   0   0   0   0   0   0   0   0   0   0   0   0   0   0   0   0   0   0   0   0   0   0   0   0   0   0   0   0   0
    14   0   0   0   0   0   0   0   0   0   0   0   0   0   1   1   1   1   1   1   1   1   1   1   1   1   1   1   1   1   1  64   1   1   1   1   1   1   1   1   1   1   8   0   0   0   0   0   0   0   0   0   0   0   0   0   0   0   0   0   0   0   0   0   0   0   0   0   0   0   0   0
    13   0   0   0   0   0   0   0   0   0   0   0   0 128  16  16  16  16  16  16  16  16  16  16  16  16  16  16  16  16  16  16   4  16  16  16  16  16  16  16  16  16   0   0   0   0   0   0   0   0   0   0   0   0   0   0   0   0   0   0   0   0   0   0   0   0   0   0   0   0   0   0
    12   0   0   0   0   0   0   0   0   0   0   0   1   1   1   1   1   1   1   1   1   1   1   1   1   1   1   1   1   1   1  64   1   1   1   1   1   1   1   1   1   1   1   2   0   0   0   0   0   0   0   0   0   0   0   0   0   0   0   0   0   0   0   0   0   0   0   0   0   0   0   0
    11   0   0   0   0   0   0   0   0   0   0   0  64  16  16  16  16  16  16  16  16  16  16  16  16  16  16  16  16  16  16  16   4  16  16  16  16  16  16  16  16  16  16  16   4   0   0   0   0   0   0   0   0   0   0   0   0   0   0   0   0   0   0   0   0   0   0   0   0   0   0   0
    10   0   0   0   0   0   0   0   0   0   0   0   1   1   1   1   1   1   1   1   1   1   1   1   1   1   1   1   1   1   1  64   1   1   1   1   1   1   1   1   1   1   2  64  16   0   0   0   0   0   0   0   0   0   0   0   0   0   0   0   0   0   0   0   0   0   0   0   0   0   0   0
     9   0   0   0   0   0   0   0   0   0   0   0  64  16  16  16  16  16  16  16  16  16  16  16  16  16  16  16  16  16  16  16   4  16  16  16  16  16  16  16  16  16  16  16   0   0   0   0   0   0   0   0   0   0   0   0   0   0   0   0   0   0   0   0   0   0   0   0   0   0   0   0
     8   0   0   0   0   0   0   0   0   0   0   0   1   1   1   1   1   1   1   1   1   1   1   1   1   1   1   1   1   1   1  64   1   1   1   1   1   1   1   1   1   1   8   0   0   0   0   0   0   0   0   0   0   0   0   0   0   0   0   0   0   0   0   0   0   0   0   0   0   0   0   0
     7   0   0   0   0   0   0   0   0   0   0   0  64  16  16  16  16  16  16  16  16  16  16  16  16  16  16  16  16  16  16  16   4  16  16  16  16  16  16  16  16  16   0   0   0   0   0   0   0   0   0   0   0   0   0   0   0   0   0   0   0   0   0   0   0   0   0   0   0   0   0   0
     6   0   0   0   0   0   0   0   0   0   0   0   1   1   1   1   1   1   1   1   1   1   1   1   1   1   1   1   1   1   1  64   1   1   1   1   1   1   1   1   8   0   0   0   0   0   0   0   0   0   0   0   0   0   0   0   0   0   0   0   0   0   0   0   0   0   0   0   0   0   0   0
     5   0   0   0   0   0   0   0   0   0   0 128  16  16  16  16  16  16  16  16  16  16  16  16  16  16  16  16  16  16  16  16   4  16  16  16  16  16  16  16   0   0   0   0   0   0   0   0   0   0   0   0   0   0   0   0   0   0   0   0   0   0   0   0   0   0   0   0   0   0   0   0
     4   0   0   0   0   0   0   0   0   0   1   1   1   1   1   1   1   1   1   1   1   1   1   1   1   1   1   1   1   1   1  64   1   1   1   1   1   1   8   0   0   0   0   0   0   0   0   0   0   0   0   0   0   0   0   0   0   0   0   0   0   0   0   0   0   0   0   0   0   0   0   0
     3   0   0   0   0   0   0   0   0   0  64  16  16  16  16  16  16  16  16  16  16  16  16  16  16  16  16  16  16  16  16  16   4  16  16  16  16  16   0   0   0   0   0   0   0   0   0   0   0   0   0   0   0   0   0   0   0   0   0   0   0   0   0   0   0   0   0   0   0   0   0   0
     2   0   0   0   0   0   0   0   0   0   1   1   1   1   1   1   1   1   1   1   1   1   1   1   1   1   1   1   1   1   1  64   1   1   1   1   1   4   0   0   0   0   0   0   0   0   0   0   0   0   0   0   0   0   0   0   0   0   0   0   0   0   0   0   0   0   0   0   0   0   0   0
     1   0   0   0   0   0   0   0   0   0  64  16  16  16  16  16  16  16  16  16  16  16  16  16  16  16  16  16  16  16  16  16   4  16  16  16  16  16   0   0   0   0   0   0   0   0   0   0   0   0   0   0   0   0   0   0   0   0   0   0   0   0   0   0   0   0   0   0   0   0   0   0
17  Caspian tocell
     2   120   190   670   720
       120 121 122 123 124 125 126 127 128 129 130 131 132 133 134 135 136 137 138 139 140 141 142 143 144 145 146 147 148 149 150 151 152 153 154 155 156 157 158 159 160 161 162 163 164 165 166 167 168 169 170 171 172 173 174 175 176 177 178 179 180 181 182 183 184 185 186 187 188 189 190
   720   0   0   0   0   0   0   0   0   0   1   1   1   1   1   1   1   1   1   1   1   1   1   1   1   1   1   1   1   1   1  64   1   1   1   1   1   2   0   0   0   0   0   0   0   0   0   0   0   0   0   0   0   0   0   0   0   0   0   0   0   0   0   0   0   0   0   0   0   0   0   0
   719   0   0   0   0   0   0   0   0   0  64  16  16   4  16  16  16  16  16  16  16  16  16  16  16  16  16  16  16  16  16  16   4  16  16  16  16  16  16   0   0   0   0   0   0   0   0   0   0   0   0   0   0   0   0   0   0   0   0   0   0   0   0   0   0   0   0   0   0   0   0   0
   718   0   0   0   0   0   0   0   0   0   0   0  64  16   1   1   1   1   1   1   1   1   1   1   1   1   1   1   1   1   1  64   1   1   1   1   1   1   4   0   0   0   0   0   0   0   0   0   0   0   0   0   0   0   0   0   0   0   0   0   0   0   0   0   0   0   0   0   0   0   0   0
   717   0   0   0   0   0   0   0   0   0   0   0   0   0  64  16  16  16  16  16  16  16  16  16  16  16  16  16  16  16  16  16   4  16  16  16  16  16  16   0   0   0   0   0   0   0   0   0   0   0   0   0   0   0   0   0   0   0   0   0   0   0   0   0   0   0   0   0   0   0   0   0
   716   0   0   0   0   0   0   0   0   0   0   0   0   0   1   1   1   1   1   1   1   1   1   1   1   1   1   1   1   1   1  64   1   1   1   1   1   1   2   0   0   0   0   0   0   0   0   0   0   0   0   0   0   0   0   0   0   0   0   0   0   0   0   0   0   0   0   0   0   0   0   0
   715   0   0   0   0   0   0   0   0   0   0   0   1   4  64  16  16  16  16  16  16  16  16  16  16  16  16  16  16  16  16  16   4  16  16  16  16  16  16  16   0   0   0   0   0   0   0   0   0   0   0   0   0   0   0   0   0   0   0   0   0   0   0   0   0   0   0   0   0   0   0   0
   714   0   0   0   0   0   0   0   0   0   1   1  64   1   1   1   1   1   1   1   1   1   1   1   1   1   1   1   1   1   1  64   1   1   1   1   1   1   1   4   0   0   0   0   0   0   0   0   0   0   0   0   0   0   0   0   0   0   0   0   0   0   0   0   0   0   0   0   0   0   0   0
   713   0   0   0   0   0   0   0   0   0  64  16  16  16  16  16  16  16  16  16  16  16  16  16  16  16  16  16  16  16  16  16   4  16  16  16  16  16  16  16   0   0   0   0   0   0   0   0   0   0   0   0   0   0   0   0   0   0   0   0   0   0   0   0   0   0   0   0   0   0   0   0
   712   0   0   0   0   0   0   0   0   0   1   1   1   1   1   1   1   1   1   1   1   1   1   1   1   1   1   1   1   1   1  64   1   1   1   1   1   1   4   0   0   0   0   0   0   0   0   0   0   0   0   0   0   0   0   0   0   0   0   0   0   0   0   0   0   0   0   0   0   0   0   0
   711   0   0   0   0   0   0   0   0 128  16  16  16  16  16  16  16  16  16  16  16  16  16  16  16  16  16  16  16  16  16  16   4  16  16  16  16  16  16   0   0   0   0   0   0   0   0   0   0   0   0   0   0   0   0   0   0   0   0   0   0   0   0   0   0   0   0   0   0   0   0   0
   710   0   0   0   0   0   0   0   0   1   1   1   1   1   1   1   1   1   1   1   1   1   1   1   1   1   1   1   1   1   1  64   1   1   1   1   1   1   8   0   0   0   0   0   0   0   0   0   0   0   0   0   0   0   0   0   0   0   0   0   0   0   0   0   0   0   0   0   0   0   0   0
   709   0   0   0   0   0   0   0   0  64  16  16  16  16  16  16  16  16  16  16  16  16  16  16  16  16  16  16  16  16  16  16   4  16  16  16  16  16   0   0   0   0   0   0   0   0   0   0   0   0   0   0   0   0   0   0   0   0   0   0   0   0   0   0   0   0   0   0   0   0   0   0
   708   0   0   0   0   0   0   0   0   1   1   1   1   1   1   1   1   1   1   1   1   1   1   1   1   1   1   1   1   1   1  64   1   1   1   1   1   2   0   0   0   0   0   0   0   0   0   0   0   0   0   0   0   0   0   0   0   0   0   0   0   0   0   0   0   0   0   0   0   0   0   0
   707   0   0   0   0   0   0   1   4  64  16  16  16  16  16  16  16  16  16  16  16  16  16  16  16  16  16  16  16  16  16  16   4  16  16  16  16  16  16   0   0   0   0   0   0   0   0   0   0   0   0   0   0   0   0   0   0   0   0   0   0   0   0   0   0   0   0   0   0   0   0   0
   706   0   0   0   0   0   1  64   1   1   1   1   1   1   1   1   1   1   1   1   1   1   1   1   1   1   1   1   1   1   1  64   1   1   1   1   1   1   4   0   0   0   0   0   0   0   0   0   0   0   0   0   0   0   0   0   0   0   0   0   0   0   0   0   0   0   0   0   0   0   0   0
   705   0   0   0   0   0  64  16  16  16  16  16  16  16  16  16  16  16  16  16  16  16  16  16  16  16  16  16  16  16  16  16   4  16  16  16  16  16  16   0   1   4   0   0   0   0   0   0   0   0   0   0   0   0   0   0   0   0   0   0   0   0   0   0   0   0   0   0   0   0   0   0
   704   0   0   0   0   0   1   1   1   1   1   1   1   1   1   1   1   1   1   1   1   1   1   1   1   1   1   1   1   1   1  64   1   1   1   1   1   1   1   1  64   2   0   0   0   0   0   0   0   0   0   0   0   0   0   0   0   0   0   0   0   0   0   0   0   0   0   0   0   0   0   0
   703   0   0   0   0   0  64  16  16  16  16  16  16  16  16  16  16  16  16  16  16  16  16  16  16  16  16  16  16  16  16  16   4  16  16  16  16  16  16  16  16  16   1   1   4   0   0   0   0   0   0   0   0   0   0   0   0   0   0   0   0   0   0   0   0   0   0   0   0   0   0   0
   702   0   0   0   0   0   1   1   1   1   1   1   1   1   1   1   1   1   1   1   1   1   1   1   1   1   1   1   1   1   1  64   1   1   1   1   1   1   1   1   4  64   4  16   4   0   0   0   0   0   0   0   0   0   0   0   0   0   0   0   0   0   0   0   0   0   0   0   0   0   0   0
   701   0   0   0   0   0  64  16  16  16  16  16  16  16  16  16  16  16  16  16  16  16  16  16  16  16  16  16  16  16  16  16   4  16  16  16  16  16  16  16  16  64   4  64   4   0   0   0   0   0   0   0   0   0   0   0   0   0   0   0   0   0   0   0   0   0   0   0   0   0   0   0
   700   0   0   0   0   0   1   1   1   1   1   1   1   1   1   1   1   1   1   1   1   1   1   1   1   1   1   1   1   1   1  64   1   1   1   1   1   1   1   1   4  64   4  64   8   0   0   0   0   0   0   0   0   0   0   0   0   0   0   0   0   0   0   0   0   0   0   0   0   0   0   0
   699   0   0   0   0   0  64  16  16  16  16  16  16  16  16  16  16  16  16  16  16  16  16  16  16  16  16  16  16  16  16  16   4  16  16  16  16  16  16  16  16  64  16  64   0   0   0   0   0   0   0   0   0   0   0   0   0   0   0   0   0   0   0   0   0   0   0   0   0   0   0   0
   698   0   0   0   0   0   1   1   1   1   1   1   1   1   1   1   1   1   1   1   1   1   1   1   1   1   1   1   1   1   1  64   1   1   1   1   1   1   1   1   1   1   2   0   0   0   0   0   0   0   0   0   0   0   0   0   0   0   0   0   0   0   0   0   0   0   0   0   0   0   0   0
   697   0   0   0   0   0  64  16  16  16  16  16  16  16  16  16  16  16  16  16  16  16  16  16  16  16  16  16  16  16  16  16   4  16  16  16  16  16  16  16  16  16  16  16   0   0   0   0   0   0   0   0   0   0   0   0   0   0   0   0   0   0   0   0   0   0   0   0   0   0   0   0
   696   0   0   0   0   0   1   1   1   1   1   1   1   1   1   1   1   1   1   1   1   1   1   1   1   1   1   1   1   1   1  64   1   1   1   1   1   1   1   1   1   1   1   2   0   0   0   0   0   0   0   0   0   0   0   0   0   0   0   0   0   0   0   0   0   0   0   0   0   0   0   0
   695   0   0   0   0   0  64  16  16  16  16  16  16  16  16  16  16  16  16  16  16  16  16  16  16  16  16  16  16  16  16  16   4  16  16  16  16  16  16  16  16  16  16  16  16   0   0   0   0   0   0   0   0   0   0   0   0   0   0   0   0   0   0   0   0   0   0   0   0   0   0   0
   694   0   0   0   0   0   1   1   1   1   1   1   1   1   1   1   1   1   1   1   1   1   1   1   1   1   1   1   1   1   1  64   1   1   1   1   1   1   1   1   1   1   1   1   1   1   4   0   0   0   0   0   0   0   0   0   0   0   0   0   0   0   0   0   0   0   0   0   0   0   0   0
   693   0   0   0   0   0  64  16  16  16  16  16  16  16  16  16  16  16  16  16  16  16  16  16  16  16  16  16  16  16  16  16   4  16  16  16  16  16  16  16  16  16  16  16  16  16  16   0   0   0   0   0   0   0   0   0   0   0   0   0   0   0   0   0   0   0   0   0   0   0   0   0
   692   0   0   0   0   0   0   1   1   1   1   1   1   1   1   1   1   1   1   1   1   1   1   1   1   1   1   1   1   1   1  64   1   1   1   1   1   1   1   1   1   1   1   1   1   1   1   4   0   0   0   0   0   0   0   0   0   0   0   0   0   0   0   0   0   0   0   0   0   0   0   0
   691   0   0   0   0   0   0   0  32  16  16  16  16  16  16  16  16  16  16  16  16  16  16  16  16  16  16  16  16  16  16  16   4  16  16  16  16  16  16  16  16  16  16  16  16  16  16  16   0   0   0   0   0   0   0   0   0   0   0   0   0   0   0   0   0   0   0   0   0   0   0   0
   690   0   0   0   0   0   0   0   0   0   1   1   1   1   1   1   1   1   1   1   1   1   1   1   1   1   1   1   1   1   1  64   1   1   1   1   1   1   1   1   1   1   1   1   1   1   1   4   0   0   0   0   0   0   0   0   0   0   0   0   0   0   0   0   0   0   0   0   0   0   0   0
   689   0   0   0   0   0   0   0   0   0  64  16  16   4  16  16  16  16  16  16  16  16  16  16  16  16  16  16  16  16  16  16   4  16  16  16  16  16  16  16  16  16  16  16  16  16  16  16   0   0   0   0   0   0   0   0   0   0   0   0   0   0   0   0   0   0   0   0   0   0   0   0
   688   0   0   0   0   0   0   0   0   0   0   0  64  16   1   1   1   1   1   1   1   1   1   1   1   1   1   1   1   1   1  64   1   1   1   1   1   1   1   1   1   1   1   1   1   1   1   2   0   0   0   0   0   0   0   0   0   0   0   0   0   0   0   0   0   0   0   0   0   0   0   0
   687   0   0   0   0   0   0   0   0   0   0   0   0   0  64  16  16  16  16  16  16  16  16  16  16  16  16  16  16  16  16  16   4  16  16  16  16  16  16  16  16  16  16  16  16  16  16  16   4   0   0   0   0   0   0   0   0   0   0   0   0   0   0   0   0   0   0   0   0   0   0   0
   686   0   0   0   0   0   0   0   0   0   0   0   0   0   0   0   1   1   1   1   1   1   1   1   1   1   1   1   1   1   1  64   1   1   1   1   1   1   1   1   1   1   1   1   1   1   4  64  16   0   0   0   0   0   0   0   0   0   0   0   0   0   0   0   0   0   0   0   0   0   0   0
   685   0   0   0   0   0   0   0   0   0   0   0   0   0   0   0   0  32  16  16  16  16  16  16  16  16  16  16  16  16  16  16   4  16  16  16  16  16  16  16  16  16  16  16  16  16  16   0   0   0   0   0   0   0   0   0   0   0   0   0   0   0   0   0   0   0   0   0   0   0   0   0
   684   0   0   0   0   0   0   0   0   0   0   0   0   0   0   0   0   1   1   1   1   1   1   1   1   1   1   1   1   1   1  64   1   1   1   1   1   1   1   1   1   1   1   1   1   1   4   0   0   0   0   0   0   0   0   0   0   0   0   0   0   0   0   0   0   0   0   0   0   0   0   0
   683   0   0   0   0   0   0   0   0   0   0   0   0   0   0   0   0  64  16  16  16  16  16  16  16  16  16  16  16  16  16  16   4  16  16  16  16  16  16  16  16  16  16  16  16  16  16   0   0   0   0   0   0   0   0   0   0   0   0   0   0   0   0   0   0   0   0   0   0   0   0   0
   682   0   0   0   0   0   0   0   0   0   0   0   0   0   0   0   0   0   0   1   1   1   1   1   1   1   1   1   1   1   1  64   1   1   1   1   1   1   1   1   1   1   1   1   1   1   4   0   0   0   0   0   0   0   0   0   0   0   0   0   0   0   0   0   0   0   0   0   0   0   0   0
   681   0   0   0   0   0   0   0   0   0   0   0   0   0   0   0   0   0   0  64  16  16  16  16  16  16  16  16  16  16  16  16   4  16  16  16  16  16  16  16  16  16  16  16  16  16  16   0   0   0   0   0   0   0   0   0   0   0   0   0   0   0   0   0   0   0   0   0   0   0   0   0
   680   0   0   0   0   0   0   0   0   0   0   0   0   0   0   0   0   0   0   0   0   1   1   1   1   1   1   1   1   1   1  64   1   1   1   1   1   1   1   1   1   1   1   1   1   1   2   0   0   0   0   0   0   0   0   0   0   0   0   0   0   0   0   0   0   0   0   0   0   0   0   0
   679   0   0   0   0   0   0   0   0   0   0   0   0   0   0   0   0   0   0   0   0   0  32  16  16  16  16  16  16  16  16  16   4  16  16  16  16  16  16  16  16  16  16  16  16  16  16  16   0   0   0   0   0   0   0   0   0   0   0   0   0   0   0   0   0   0   0   0   0   0   0   0
   678   0   0   0   0   0   0   0   0   0   0   0   0   0   0   0   0   0   0   0   0   0   0   0   1   1   1   1   1   1   1  64   1   1   1   1   1   1   1   1   1   1   1   1   1   1   1   1   4   0   0   0   0   0   0   0   0   0   0   0   0   0   0   0   0   0   0   0   0   0   0   0
   677   0   0   0   0   0   0   0   0   0   0   0   0   0   0   0   0   0   0   0   0   0   0   0  64  16   8  16  16  16  16  16   4  16  16  16  16  16  16  16  16  16  16  16  16  16  16  16  16   0   0   0   0   0   0   0   0   0   0   0   0   0   0   0   0   0   0   0   0   0   0   0
   676   0   0   0   0   0   0   0   0   0   0   0   0   0   0   0   0   0   0   0   0   0   0   0   0  64   0   0   1   1   1  64   1   1   1   1   1   1   1   1   1   1   1   1   1   1   1   1   4   0   0   0   0   0   0   0   0   0   0   0   0   0   0   0   0   0   0   0   0   0   0   0
   675   0   0   0   0   0   0   0   0   0   0   0   0   0   0   0   0   0   0   0   0   0   0   0   0   0   0   0  64  16   4  16   8  16  16   4  16  16   4  16   4  16   4  16   4  16   4  16   4   0   0   0   0   0   0   0   0   0   0   0   0   0   0   0   0   0   0   0   0   0   0   0
   674   0   0   0   0   0   0   0   0   0   0   0   0   0   0   0   0   0   0   0   0   0   0   0   0   0   0   0   0   0  32  64   0   0  64  16   0   0  32  64   4  64   4  64   4  64   4  64   8   0   0   0   0   0   0   0   0   0   0   0   0   0   0   0   0   0   0   0   0   0   0   0
   673   0   0   0   0   0   0   0   0   0   0   0   0   0   0   0   0   0   0   0   0   0   0   0   0   0   0   0   0   0   0   0   0   0   0   0   0   0   0   0  32  64  16  64  16  64   4  64   0   0   0   0   0   0   0   0   0   0   0   0   0   0   0   0   0   0   0   0   0   0   0   0
   672   0   0   0   0   0   0   0   0   0   0   0   0   0   0   0   0   0   0   0   0   0   0   0   0   0   0   0   0   0   0   0   0   0   0   0   0   0   0   0   0   0   0   0   0   0  32   0   0   0   0   0   0   0   0   0   0   0   0   0   0   0   0   0   0   0   0   0   0   0   0   0
   671   0   0   0   0   0   0   0   0   0   0   0   0   0   0   0   0   0   0   0   0   0   0   0   0   0   0   0   0   0   0   0   0   0   0   0   0   0   0   0   0   0   0   0   0   0   0   0   0   0   0   0   0   0   0   0   0   0   0   0   0   0   0   0   0   0   0   0   0   0   0   0
   670   0   0   0   0   0   0   0   0   0   0   0   0   0   0   0   0   0   0   0   0   0   0   0   0   0   0   0   0   0   0   0   0   0   0   0   0   0   0   0   0   0   0   0   0   0   0   0   0   0   0   0   0   0   0   0   0   0   0   0   0   0   0   0   0   0   0   0   0   0   0   0
 1   Michigan
     1  9999 -9999  9999 -9999
 1   Michigan
     2  9999 -9999  9999 -9999
 1   Michigan
     3   218   274   695   720
       218 219 220 221 222 223 224 225 226 227 228 229 230 231 232 233 234 235 236 237 238 239 240 241 242 243 244 245 246 247 248 249 250 251 252 253 254 255 256 257 258 259 260 261 262 263 264 265 266 267 268 269 270 271 272 273 274
   720   0   0   0   0   0   0   0   0   1   1   1   1   1   1   1   1  32   0   0   0   0   4  16   4  16   0   0   0   0   0   0   0   0   0   0   0   0   0   0   0   0   0   1   1   1   1   1   1   1   1   1   4  64   0   0   0   0
   719   0   0   0   0   0   0   0   0   0  32  16  16  16  16  16  16  16  16   0   0   0   4  64   4   1  32   0   0   0   0   0   0   0   0   0   0   0   0   0   0   0   0   2  16  16  16  16  16  16  16  16  16  64   0   0   0   0
   718   0   0   0   0   0   0   0   0   0   1   1   1   1   1   1   1   1   1  32   4  16   4  64   4  64   0   0   0   0   0   0   0   0   0   0   0   0   0   0   0   0   0   0   1   1   1   1   1   1   1   1   4  64   4   0   4  16
   717   0   0   0   0   0   0   0   0   0  64  16  16  16  16  16  16  16  16  16  16  64  16  64  16  64   0   0   0   0   0   0   0   0   0   0   0   0   0   0   0   0   0   0   4  16  16  16  16  16  16  16  16  64   4  32  16  64
   716   0   0   0   0   0   0   0   0   0   0   1   1   1   1   1   1   1   1   1   1   1   1   1   1  64   0   0   0   0   0   0   0   0   0   0   0   0   0   0   0   0   0   0   1   1   1   1   1   1   1   1   4  64   4   1   1  64
   715   0   0   0   0   0   0   0   0   0   0   0  32  16  16  16  16  16  16  16  16  16  16  16  16  16   0   0   0   0   0   0   0   0   0   0   0   0   0   0   0   0   0   0   8  16  16  16  16  16  16  16  16  64   4  64  16  16
   714   0   0   0   0   0   0   0   0   0   0   0   1   1   1   1   1   1   1   1   1   1   1   1   1  64   0   0   0   0   0   0   0   0   0   0   0   0   0   0   0   0   0   1   1   1   1   1   1   1   1   1   4  64   4   1 128   0
   713   0   0   0   0   0   0   0   0   0   0   0  64  16  16  16  16  16  16  16  16  16  16  16  16  16   0   0   0   0   0   0   0   0   0   0   0   0   0   0   0   0   0   0   4  16  16  16  16  16  16  16  16  64   4  64   0   0
   712   0   0   0   0   0   0   0   0   0   0   0   1   1   1   1   1   1   1   1   1   1   1   1   1  64   0   0   0   0   0   0   0   0   0   0   0   0   0   0   4  16   4  16   1   1   1   1   1   1   1   1   4  64   4   1  32   0
   711   0   0   0   0   0   0   0   0   0   0   0  64  16  16  16  16  16  16  16  16  16  16  16  16  16   0   0   0   0   0   0   0   0   0   0   0   0   0   0   4  64  16  64   4  16   4  16   4  16   4  16   4  64   4  64   0   0
   710   0   0   0   0   0   0   0   0   0   0   1   1   1   1   1   1   1   1   1   1   1   1   1   1   1  32   4  16   0   0   0   0   0   0   0   0   0   0   0   1   1   4  64  16  64  16  64  16  64  16  64  16  64  16  64   0   0
   709   0   1   4   0   0   0   1   4   0   0   0  32  16  16  16  16  16  16  16  16  16  16  16  16  16  16  16  64   0   0   0   0   0   0   0   0   0   0   0   8  16   4   1   1   1   1   1   1   1   1   1   1   1   1   1  32   0
   708   0  64   1   1   1   1  64   1   4   0   1   1   1   1   1   1   1   1   1   1   1   1   1   1   1   1 128   0   0   0   0   0   0   0   0   0   0   0   1   4  64   4  64  16  16  16  16  16  16  16  16  16  16  16  16   0   0
   707   0  64  16  16  16  16  16  16   4 128  16  16  16  16  16  16  16  16  16  16  16  16  16  16  16  16  16  16   0   0   0   0   0   0   0   0   0   0   0   4  64   4   1   1   1   1   1   1   1   1   1   1   1 128   0   0   0
   706   1   1   1   1   1   1   1  64   1   1   1   1   1   1   1   1   1   1   1   1   1   1   1   1   1   1   1   1  32   4  16   4  16   0   0   0   0   0   0   4  64   4  64  16  16  16  16  16  16  16  16  16  16   0   0   0   0
   705   0  32   4  16  16  16  16  16  16  16  16  16  16  16  16  16  16  16  16  16  16  16  16  16  16  16  16  16  16  16  64  16  64   0   0   4  16   0   0   4  64   4   1   1   1   1   1   1   1   1   1   1  64   0   0   0   0
   704   0  64  16   1   1   1   1   1   1   1   1   1   1   1   1   1   1   1   1   1   1   1   1   1   1   1   1   1   1   1   1   1  64   4  16   4  64   4  16   4  64  16  64  16  16  16  16  16  16   0   0   0   0   0   0   0   0
   703   0   0   0  64   4  16  16  16  16  16  16  16  16  16  16  16  16  16  16  16  16  16  16  16  16  16  16  16  16  16  16  16  16  16  64   4  64   4  64   4   1   1   1   1   1   1   1   1   1  32   0   0   0   0   0   0   0
   702   0   0   0  64  16   1   1   1   1   1   1   1   1   1   1   1   1   1   1   1   1   1   1   1   1   1   1   1   1   1   1   1   1   1   2  32  64  16  64  16  64  16  16  16  16   0   0   0   0   0   0   0   0   0   0   0   0
   701   0   0   0   0   0  64  16   8  16  16  16  16  16  16  16  16  16  16  16  16  16  16  16  16  16  16  16  16  16  16  16  16  16  16  16   1   1   1   4   1   4   1   1   1  64   0   0   0   0   0   0   0   0   0   0   0   0
   700   0   0   0   0   0   0  64   0   0   1   1   1   1   1   1   1   1   1   1   1   1   1   1   1   1   1   1   1   1   1   1   1   1   1  64   0   0   0   1  64 128   0   0   0   0   0   0   0   0   0   0   0   0   0   0   0   0
   699   0   0   0   0   0   0   0   0   0  64  16  16  16  16  16  16  16  16  16  16  16  16  16  16  16  16  16  16  16  16  16  16  16  16  16  16   0   0   0   0   0   0   0   0   0   0   0   0   0   0   0   0   0   0   0   0   0
   698   0   0   0   0   0   0   0   0   0   0   1   1   1   1   1   1   1   1   1   1   1   1   1   1   1   1   1   1   1   1   1   1   1   1   1   1  32   0   0   0   0   0   0   0   0   0   0   0   0   0   0   0   0   0   0   0   0
   697   0   0   0   0   0   0   0   0   0   0   0  32  16  16  16  16   4  16  16  16  16   4  16  16  16  16   2  16  16  16  16  16  16  16   4  16   4   0   0   0   0   0   0   0   0   0   0   0   0   0   0   0   0   0   0   0   0
   696   0   0   0   0   0   0   0   0   0   0   0   0   0   0   0  64  16   0   0   0  64  16   0   0   0  64  16  16   0   0   0   0 128  16  16  64   4  32   0   0   0   0   0   0   0   0   0   0   0   0   0   0   0   0   0   0   0
   695   0   0   0   0   0   0   0   0   0   0   0   0   0   0   0   0   0   0   0   0   0   0   0   0   0   0   0   0   0   0   0   0   0   0   0  64  16   0   0   0   0   0   0   0   0   0   0   0   0   0   0   0   0   0   0   0   0
 1   Michigan
     4  9999 -9999  9999 -9999
 1   Michigan
     5     1    26   448   495
         1   2   3   4   5   6   7   8   9  10  11  12  13  14  15  16  17  18  19  20  21  22  23  24  25  26
   495   2   0   0   0   0   0   0   0   0   0   0   0   0   0   0   0   0   0   0   0   0   0   0   0   0   0
   494  64   4   2   0   0   0   0   0   0   0   0   0   0   0   0   0   0   0   0   0   0   0   0   0   0   0
   493  64   4  64   4   0   0   0   0   0   0   0   0   0   0   0   0   0   0   0   0   0   0   0   0   0   0
   492  64   4  64   1   1   4   0   0   0   0   0   0   0   0   0   0   0   0   0   0   0   0   0   0   0   0
   491  64   4  64   4  16   4   0   0   0   0   0   0   0   0   0   0   0   0   0   0   0   0   0   0   0   0
   490  64   4  64   4  64  16   0   0   0   0   0   0   0   0   0   0   0   0   0   0   0   0   0   0   0   0
   489  64   4  64   4   1   0   0   0   0   0   0   0   0   0   0   0   0   0   0   0   0   0   0   0   0   0
   488  64   1  64 128   0   0   0   0   0   0   0   0   0   0   0   0   0   0   0   0   0   0   0   0   0   0
   487   0   0   0   0   0   0   0   0   0   0   0   0   0   0   0   0   0   0   0   0   0   0   0   0   0   0
   486   0   0   0   0   0   0   0   0   0   0   0   0   0   0   0   0   0   0   0   0   0   0   0   0   0   0
   485   0   0   0   0   0   0   0   0   0   0   0   0   0   0   0   0   0   0   0   0   0   0   0   0   0   0
   484   0   0   0   0   0   0   0   0   0   0   0   0   0   0   0   0   0   0   0   0   0   0   0   0   0   0
   483   0   0   0   0   0   0   0   0   0   0   0   0   0   0   0   0   0   0   0   0   0   0   0   0   0   0
   482   0   0   0   0   0   0   0   0   0   0   0   0   0   0   0   0   0   0   0   0   0   0   0   0   0   0
   481   0   0   0   0   0   0   0   0   0   0   0   0   0   0   0   0   0   0   0   0   0   0   0   0   0   0
   480   0   0   0   0   0   0   0   0   0   0   0   0   0   0   0   0   0   0   0   0   0   0   0   0   0   0
   479   0   0   0   0   0   0   0   0   0   0   0   0   0   0   0   0   0   0   0   0   0   0   0   0   0   0
   478   0   0   0   0   0   0   0   0   0   0   0   0   0   0   0   0   0   0   0   0   0   0   0   0   0   0
   477   0   0   0   0   0   0   0   0   0   0   0   0   0   0   0   0   0   0   0   0   0   0   0   0   0   0
   476   0   0   0   0   0   0   0   0   0   0   0   0   0   0   0   0   0   0   0   0   0   0   0   0   0   0
   475   0   0   0   0   0   0   0   0   0   0   0   0   0   0   0   0   0   0   0   0   0   0   0   0   0   0
   474   0   0   0   0   0   0   0   0   0   0   0   0   0   0   0   0   0   0   0   0   0   0   0   0   0   0
   473   0   0   0   0   0   0   0   0   0   0   0   0   0   0   0   0   0   0   0   0   0   0   0   0   0   0
   472   0   0   0   0   0   0   0   0   0   0   0   0   0   0   0   0   0   0   0   0   0   0   0   0   0   0
   471   0   0   0   0   0   0   0   0   0   0   0   0   0   0   0   0   0   0   0   0   0   0   0   0   0   0
   470   0   0   0   0   0   0   0   0   0   0   0   0   0   0   0   0   0   0   0   0   0   0   0   0   0   0
   469   0   0   0   0   0   0   0   0   0   0   0   0   0   0   0   0   0   0   0   0   0   0   0   0   0   0
   468   0   0   0   0   0   0   0   0   0   0   0   0   0   0   0   0   0   0   0   0   0   0   0   0   0   0
   467   0   0   0   0   0   0   0   0   0   0   0   0   0   0   0   0   0   0   0   0   0   0   0   0   0   0
   466   0   0   0   0   0   0   0   0   0   0   0   0   0   0   0   0   0   0   0   0   0   0   0   0   0   0
   465   0   0   0   0   0   0   0   0   0   0   0   0   0   0   0   0   0   0   0   0   0   0   0   0   0   0
   464   0   0   0   0   0   0   0   0   0   0   0   0   0   0   0   0   0   0   0   0   0   0   0   0   0   0
   463   0   0   0   0   0   0   0   0   0   0   0   0   0   0   0   0   0   0   0   0   0   0   0   0   0   0
   462   0   0   0   0   0   0   0   0   0   0   0   0   0   0   0   0   0   0   0   0   0   0   0   0   0   0
   461   0   0   0   0   0   0   0   0   0   0   0   8   4  16   0   0   0   0   0   0   0   0   0   0   0   0
   460  32  16  16  16   0   0   4  16   4  16   4  64   4  64   4  16   4  16   4  16   0   0   0   0   0   0
   459   1   1   1  64   4  16   4  64   4  64   4  64   4  64   4  64   4  64   4  64   4   0   0   0   0   0
   458  64  16  16  16  16  64  16  64   4  64   4  64   4  64   4  64   4  64   4  64   4  32   4  16   0   0
   457   1   1   1   1   1   1   1  64   4  64  16  64  16  64  16  64  16  64  16  64  16  64   4  64   0   0
   456  64  16  16  16  16  16  16  16   4   1   1   1   1   1   1   1   1   1   1   1   1  64   4  64  16   0
   455   1   1   1   1   1   1   1  64   4  64  16  16  16  16  16  16  16  16  16  16  16  16   4   1  64   0
   454  64  16  16  16  16  16  16  16   4   1   1   1   1   1   1   1   1   1   1   1   1  64   4  64  16  16
   453   1   1   1   1   1   1   1  64   4  64  16  16  16  16  16  16  16  16  16  16  16  16   4   1   1  64
   452  64  16  16  16  16  16  16  16  16   1   1   1   1   1   1   1   1   1   1   1   1  64   8  64  16  16
   451   1   4   1   4   1   4   4   1   4  64  16  16  16  16  16  16  16  16  16  16  16  16   1   1   1  64
   450   0   1  64   1  64 128   4  64   4   1   1   1   1   1   1   1   1   1   1   1   1   1  64   0   0   0
   449   0   0   0   0   0   0   1  64   1   4  32  16  16  16  16  16  16  16  16  16  16  16   0   0   0   0
   448   0   0   0   0   0   0   0   0   0   1   1   1   1   1   1   1   1   1   1   1 128   0   0   0   0   0
 1   Michigan
     6  9999 -9999  9999 -9999
 2   Huron
     1  9999 -9999  9999 -9999
 2   Huron
     2  9999 -9999  9999 -9999
 2   Huron
     3  9999 -9999  9999 -9999
 2   Huron
     4  9999 -9999  9999 -9999
 2   Huron
     5  9999 -9999  9999 -9999
 2   Huron
     6  9999 -9999  9999 -9999
 3   Superior
     1  9999 -9999  9999 -9999
 3   Superior
     2  9999 -9999  9999 -9999
 3   Superior
     3   256   307   676   703
       256 257 258 259 260 261 262 263 264 265 266 267 268 269 270 271 272 273 274 275 276 277 278 279 280 281 282 283 284 285 286 287 288 289 290 291 292 293 294 295 296 297 298 299 300 301 302 303 304 305 306 307
   703   0   0   0   0   0   0   0   0   0   0   0   0   0   0   0   0   0   0   0   0   0   0   0   0   0   0   0   0   0   0   0   0   0   0   0   0   0   0   0   4  16  16   0   0   0   0   0   0   0   0   8   0
   702   0   0   0   0   0   0   0   0   0   0   0   0   0   0   0   0   0   0   0   0   0   0   0   0   0   0   0   0   0   0   0   0   0   0   0   0   0   0   0   1   1   4  32   0   0   0   0   0   0   4  64  16
   701   0   0   0   0   0   0   0   0   0   0   0   0   0   0   0   4   0   4  16   0   0   0   0   0   0   0   0   0   0   0   0   0   0   0   0   0   0   0   8  16  16  16  64   0   0   0   0   0   8   4   1  64
   700   0   0   0   0   0   0   0   0   0   0   0   0   0   0   0   4  32   4  64   4  16   0   0   0   0   0   0   0   0   0   0   0   0   0   0   0   0   1   1   1   1   2  64  16   4  16   4   4  64   8  64   0
   699   0   0   0   0   0   0   0   0   0   0   0   0   0   0   8  16  64  16  64  16  64  16   0   0   0   0   0   0   0   0   0   0   0   0   0   4  16  16  16  16  16  16  16  64   4  64   4  32  64   1  64   0
   698   0   0   0   0   0   0   0   0   0   0   0   0   0   4   1   1   1   1   1   1   1   1  32   0   0   0   0   0   0   0   0   0   0   4  16   1   1   1   1   1   1   1   4  64   4  64   4   1   1  64   0   0
   697   0   0   0   0   0   0   0   4  16  16   0   0   0   4  64  16  16  16  16  16  16  16  16  16   0   0   0   0   0   0   0   0   8  16  64  16  16  16  16  16  16  16  16  64  16  64  16  64   0   0   0   0
   696  16  16  16  16   4  16   0   1   1   4  32   4  16   4   1   1   1   1   1   1   1   1 128   4  16   4  16   4  16   0   2  16   1   1   1   1   1   1   1   1   1   1   1   1   1   4   1  64   0   0   0   0
   695   0   0   0  64  16  64  16  16  16  16  64  16  64  16  64  16  16  16  16  16  16  16  16  16  64  16  64  16  64  16   0 128   8  16  16  16  16  16  16  16  16  16  16  16  16  16  64   0   0   0   0   0
   694   1   1   1   1   1   1   1   1   1   1   1   1   1   1   1   1   1   1   1   1   1   1   1   1   1   1   1   1   1   1  32   1   1   1   1   1   1   1   1   1   1   1   1   1   1   8  64   0   0   0   0   0
   693   0  32  16  16  16  16  16  16  16  16  16  16  16  16  16  16  16  16  16  16  16  16  16  16  16  16  16  16  16  16  16  16  16  16  16  16  16  16  16  16  16  16   4  16   4   1  64   0   0   0   0   0
   692   0   0   0   0   1   1   1   1   1   1   1   1   1   1   1   1   1   1   1   1   1   1   1   1   1   1   1   1   1   1   1   1   1   1   1   1   1   1   1   1   1   2  32  64  16  64   0   0   0   0   0   0
   691   0   0   0   0   0  32  16  16  16  16  16  16  16  16  16  16  16  16  16  16  16  16  16  16  16  16  16  16  16  16  16  16  16  16  16  16  16  16  16  16  16  16   1   1   1  64   0   0   0   0   0   0
   690   0   0   0   0   1   1   1   1   1   1   1   1   1   1   1   1   1   1   1   1   1   1   1   1   1   1   1   1   1   1   1   1   1   1   1   1   1   1   1   1   1  64   0   0   0   0   0   0   0   0   0   0
   689   0   0   0   0   0  32  16  16  16  16  16  16  16  16  16  16  16  16  16  16  16  16  16  16  16  16  16  16  16  16  16  16  16  16  16  16  16  16  16  16  16   0   0   0   0   0   0   0   0   0   0   0
   688   0   0   0   0   0   1   1   1   1   1   1   1   1   1   1   1   1   1   1   1   1   1   1   1   1   1   1   1   1   1   1   1   1   1   1   1   1   1   4   1  64   0   0   0   0   0   0   0   0   0   0   0
   687   0   0   0   0   0  64  16  16  16  16  16  16  16  16  16  16  16  16  16  16  16  16  16  16  16  16  16  16  16  16  16  16  16  16  16  16  16  16 128   0   0   0   0   0   0   0   0   0   0   0   0   0
   686   0   0   0   0   0   0   1   1   1   1   1   1   1   1   1   1   1   1   1   1   1   1   1   1   1   1   1   1   1   1   1   1   1   1   1   1 128   0   0   0   0   0   0   0   0   0   0   0   0   0   0   0
   685   0   0   0   0   0   0   0  32   4  16   2  16  16  16  16  16  16  16  16  16  16  16  16  16  16  16  16  16  16  16  16  16  16  16  16  16  16   0   0   0   0   0   0   0   0   0   0   0   0   0   0   0
   684   0   0   0   0   0   0   0  64  16  64   4  16   0   0   1   1   1   1   1   1   1   1   1   1   1   1   1   1   1   1   1   1   1   1   4   2  64   0   0   0   0   0   0   0   0   0   0   0   0   0   0   0
   683   0   0   0   0   0   0   0   0   0  64   4   0   0   0   0  32  16  16  16  16  16  16  16  16  16  16  16  16  16  16  16  16  16  16   1  64  64   0   0   0   0   0   0   0   0   0   0   0   0   0   0   0
   682   0   0   0   0   0   0   0   0   0   0  32   0   0   0   0   0   1   1   1   1   1   1   1   1   1   1   1   1   1   1   1   1 128   0   0   0   0   0   0   0   0   0   0   0   0   0   0   0   0   0   0   0
   681   0   0   0   0   0   0   0   0   0   0   0   0   0   0   0   0   0  32  16  16  16  16  16  16  16  16  16  16  16  16  16  16  16  16   0   0   0   0   0   0   0   0   0   0   0   0   0   0   0   0   0   0
   680   0   0   0   0   0   0   0   0   0   0   0   0   0   0   0   0   0   0   1   1   1   1   1   1   1   1   1   1   1   1   1   1   1  64   0   0   0   0   0   0   0   0   0   0   0   0   0   0   0   0   0   0
   679   0   0   0   0   0   0   0   0   0   0   0   0   0   0   0   0   0   0   0  32  16  16   4  16  16  16  16  16  16  16  16  16  16   0   0   0   0   0   0   0   0   0   0   0   0   0   0   0   0   0   0   0
   678   0   0   0   0   0   0   0   0   0   0   0   0   0   0   0   0   0   0   0   0   0  64  16   0   0   0   1   1   1   1   1   1   1  32   0   0   0   0   0   0   0   0   0   0   0   0   0   0   0   0   0   0
   677   0   0   0   0   0   0   0   0   0   0   0   0   0   0   0   0   0   0   0   0   0   0   0   0   0   0   0  32  16  16   4  16  16   0   0   0   0   0   0   0   0   0   0   0   0   0   0   0   0   0   0   0
   676   0   0   0   0   0   0   0   0   0   0   0   0   0   0   0   0   0   0   0   0   0   0   0   0   0   0   0   0   0   0  32   1  64   0   0   0   0   0   0   0   0   0   0   0   0   0   0   0   0   0   0   0
 3   Superior
     4  9999 -9999  9999 -9999
 3   Superior
     5  9999 -9999  9999 -9999
 3   Superior
     6  9999 -9999  9999 -9999
 4   Victoria
     1   689   719   334   364
       689 690 691 692 693 694 695 696 697 698 699 700 701 702 703 704 705 706 707 708 709 710 711 712 713 714 715 716 717 718 719
   364   0   0   0   0   0   0   0   0   0   0   0   0   0   0   0   4  16  16   4  16   0   0   0   0   0   0   0   0   0   0   0
   363   0   0   0   0   0   0   0   0   0   0   0   0   0   0   0   1   4  64   4  64   4  16   0   0   0   0   0   0   0   0   0
   362   0   0   0   0   0   0   0   0   1   1   1   1   1  64   4  16   4  64   4  64   4  64   0   0   0   0   0   0   0   0   0
   361   0   0   0   0   0   0   0 128  16  16  16  16  16  16  16  64  16  64  16  64  16  64   0   0   0   0   0   0   0   0   0
   360   0   0   0   1   1   1   1   1   1   1   1   1   1   1   1   1   1   1   1   1   1  64   4  16   4   0   0   0   0   0   0
   359   0   0 128  16  16  16  16  16  16  16  16  16  16  16  16  16  16  16  16  16  16  16  16  64   4  32   4  16   4  16   0
   358   0   0   0   0   1   1   1   1   1   1   1   1   1   1   1   1   1   1   1   1   1   1   1  64   4  64   4  64  16  64   0
   357   0   0   0   0  64  16  16  16  16  16  16  16  16  16  16  16  16  16  16  16  16  16  16  16   4  64   8   1   1   1  32
   356   0   0   1   1   1   1   1   1   1   1   1   1   1   1   1   1   1   1   1   1   1   1   1  64   8  64   1  64   0   0   0
   355   0 128  16  16  16  16  16  16  16  16  16  16  16  16  16  16  16  16  16  16  16  16  16  16   1   1  64   0   0   0   0
   354   0   1   1   1   1   1   1   1   1   1   1   1   1   1   1   1   1   1   1   1   1   1   1   1  64   0   0   0   0   0   0
   353 128  16  16  16  16  16  16  16  16  16  16  16  16  16  16  16  16  16  16  16  16  16  16  16  16   0   0   0   0   0   0
   352   1   1   1   1   1   1   1   1   1   1   1   1   1   1   1   1   1   1   1   1   1   1   1   1  64   0   0   0   0   0   0
   351   0  32  16  16  16  16  16  16  16  16  16  16  16  16  16  16  16  16  16  16  16  16  16  16  16   0   0   0   0   0   0
   350   0   1   1   1   1   1   1   1   1   1   1   1   1   1   1   1   1   1   1   1   1   1   1   1  64   0   0   0   0   0   0
   349   0   0  32  16  16  16  16  16  16  16  16  16  16  16  16  16  16  16  16  16  16  16  16  16   0   0   0   0   0   0   0
   348   0   1   1   1   1   1   1   1   1   1   1   1   1   1   1   1   1   1   1   1   1   1   1  64   0   0   0   0   0   0   0
   347   0  64  16  16  16  16  16  16  16  16  16  16  16  16  16  16  16  16  16  16  16  16   0   0   0   0   0   0   0   0   0
   346   0   1   1   1   1   1   1   1   1   1   1   1   1   1   1   1   1   1   1   1   4  64   0   0   0   0   0   0   0   0   0
   345 128  16  16  16  16  16  16  16  16  16  16  16  16  16  16  16  16  16  16  16   1  64   0   0   0   0   0   0   0   0   0
   344   1   1   1   1   1   1   1   1   1   1   1   1   1   1   1   1   1   1   1  64   0   0   0   0   0   0   0   0   0   0   0
   343  64  16  16  16  16  16  16  16  16  16  16  16  16  16  16  16  16  16  16  16   0   0   0   0   0   0   0   0   0   0   0
   342   1   1   1   1   1   1   1   1   1   1   1   1   1   1   1   1   1   1   1  64   0   0   0   0   0   0   0   0   0   0   0
   341  64  16  16  16  16  16  16  16  16  16  16  16  16  16  16  16  16  16  16   0   0   0   0   0   0   0   0   0   0   0   0
   340   1   1   1   1   1   1   1   1   1   1   1   1   1   1   1   1   1   1   1  32   0   0   0   0   0   0   0   0   0   0   0
   339  64  16  16  16  16  16  16  16  16  16  16  16  16  16  16  16  16  16  16  16   0   0   0   0   0   0   0   0   0   0   0
   338   0   1   1   1   1   1   1   1   1   1   1   1   1   1   1   1   1   1   1  64   0   0   0   0   0   0   0   0   0   0   0
   337   0  64   4  16   4  16  16  16  16   4  16   4  16  16  16  16  16  16  16  16   0   0   0   0   0   0   0   0   0   0   0
   336   0  64  16  64   4   0   0   0  64   4  64   4   1   1   1   4   1   1 128   0   0   0   0   0   0   0   0   0   0   0   0
   335   0   0   1  64   8   0   0   0   0  32  64  16   0   0   0   1   1  32   0   0   0   0   0   0   0   0   0   0   0   0   0
   334   0   0  64  16   0   0   0   0   0   0   0   0   0   0   0   0   0   0   0   0   0   0   0   0   0   0   0   0   0   0   0
 4   Victoria
     2  9999 -9999  9999 -9999
 4   Victoria
     3  9999 -9999  9999 -9999
 4   Victoria
     4  9999 -9999  9999 -9999
 4   Victoria
     5  9999 -9999  9999 -9999
 4   Victoria
     6  9999 -9999  9999 -9999
 5   Tanganyika
     1   665   685   277   329
       665 666 667 668 669 670 671 672 673 674 675 676 677 678 679 680 681 682 683 684 685
   329   0   8  16   0   0   0   0   0   0   0   0   0   0   0   0   0   0   0   0   0   0
   328   1   1   4  32   0   0   0   0   0   0   0   0   0   0   0   0   0   0   0   0   0
   327   4  16  16  64   0   0   0   0   0   0   0   0   0   0   0   0   0   0   0   0   0
   326   1   1   1   4  32   0   0   0   0   0   0   0   0   0   0   0   0   0   0   0   0
   325   4  16  16  16  64   0   0   0   0   0   0   0   0   0   0   0   0   0   0   0   0
   324   1   1   1   4  64   0   0   0   0   0   0   0   0   0   0   0   0   0   0   0   0
   323   4  16  16  16  64   0   0   0   0   0   0   0   0   0   0   0   0   0   0   0   0
   322   1   1   1   1   4  32   0   0   0   0   0   0   0   0   0   0   0   0   0   0   0
   321   4  16  16  16  16  64   0   0   0   0   0   0   0   0   0   0   0   0   0   0   0
   320   1   1   1   1   4  64   0   0   0   0   0   0   0   0   0   0   0   0   0   0   0
   319   0   8  16  16  16  64  16   0   0   0   0   0   0   0   0   0   0   0   0   0   0
   318   1   1   1   1   1   4  64   0   0   0   0   0   0   0   0   0   0   0   0   0   0
   317   4  16  16  16  16  16  64   0   0   0   0   0   0   0   0   0   0   0   0   0   0
   316   1   1   1   1   1   4  64   0   0   0   0   0   0   0   0   0   0   0   0   0   0
   315   4  16  16  16  16  16  64   0   0   0   0   0   0   0   0   0   0   0   0   0   0
   314   1   1   1   1   1   4  64  16   0   0   0   0   0   0   0   0   0   0   0   0   0
   313   2  16  16  16  16  16   1   4   0   0   0   0   0   0   0   0   0   0   0   0   0
   312   0   4   1   1   1   1  64   4   0   0   0   0   0   0   0   0   0   0   0   0   0
   311   0   1  64   2  16  16  16  16   0   0   0   0   0   0   0   0   0   0   0   0   0
   310   0   0   0   0   1   1   1   4   0   0   0   0   0   0   0   0   0   0   0   0   0
   309   0   0  16  16  16  16  16   4   0   0   0   0   0   0   0   0   0   0   0   0   0
   308   0   0   0   1   1   1  64   4   0   0   0   0   0   0   0   0   0   0   0   0   0
   307   0   0 128  16  16  16  16   1   2   0   0   0   0   0   0   0   0   0   0   0   0
   306   0   0   1   1   1   1  64   4  16  16   0   0   0   0   0   0   0   0   0   0   0
   305   0 128  16  16  16  16  16   1   4   0   0   0   0   0   0   0   0   0   0   0   0
   304   0   1   1   1   1   1  64   4  16   0   0   0   0   0   0   0   0   0   0   0   0
   303   0  64  16  16  16  16  16   4   0   0   0   0   0   0   0   0   0   0   0   0   0
   302   0   0   1   1   1   1  64   4   0   0   0   0   0   0   0   0   0   0   0   0   0
   301   0   0  64  16  16  16  16   4   0   0   0   0   0   0   0   0   0   0   0   0   0
   300   0   0   0   1   1   1  64   1   1   2   0   0   0   0   0   0   0   0   0   0   0
   299   0   0   0   0  32  16  16  16  16  16   4   0   0   0   0   0   0   0   0   0   0
   298   0   0   0   0   1   1   1   1   1  64   4   0   0   0   0   0   0   0   0   0   0
   297   0   0   0   0  64  16  16  16  16  16   1   1   4   0   0   0   0   0   0   0   0
   296   0   0   0   0   0   0   1   1   1  64   4  16   1   4   0   0   0   0   0   0   0
   295   0   0   0   0   0   0  64  16  16  16  16  64  16   1   4   0   0   0   0   0   0
   294   0   0   0   0   0   0   0   1   1   1   1   1   1  32   4   0   0   0   0   0   0
   293   0   0   0   0   0   0   0   0  32  16  16  16  16  16   4   0   0   0   0   0   0
   292   0   0   0   0   0   0   0   0   0   1   1   1   1  64   1   4   0   0   0   0   0
   291   0   0   0   0   0   0   0   0   0   0  32  16  16  16  16   4   0   0   0   0   0
   290   0   0   0   0   0   0   0   0   0   0   1   1   1   1  64   4   0   0   0   0   0
   289   0   0   0   0   0   0   0   0   0   0  64  16  16  16  16   4   0   0   0   0   0
   288   0   0   0   0   0   0   0   0   0   0   1   1   1   1  64   4   0   0   0   0   0
   287   0   0   0   0   0   0   0   0   0   0   0  32  16  16  16   1   4   0   0   0   0
   286   0   0   0   0   0   0   0   0   0   0   0   1   1   1   1  32   1   4   0   0   0
   285   0   0   0   0   0   0   0   0   0   0   0   0  32  16  16  16  16   4   0   0   0
   284   0   0   0   0   0   0   0   0   0   0   0   0   0   0   1   1  64   4   0   0   0
   283   0   0   0   0   0   0   0   0   0   0   0   0   0   0  64  16  16   4   0   0   0
   282   0   0   0   0   0   0   0   0   0   0   0   0   0   0   1   1  64   4   0   0   0
   281   0   0   0   0   0   0   0   0   0   0   0   0   0   0  64  16  16   4   1   4   0
   280   0   0   0   0   0   0   0   0   0   0   0   0   0   0   1   1  64   1  64   4   0
   279   0   0   0   0   0   0   0   0   0   0   0   0   0   0  64  16  16  16  16   1   4
   278   0   0   0   0   0   0   0   0   0   0   0   0   0   0   0   0   0   1   1  32   4
   277   0   0   0   0   0   0   0   0   0   0   0   0   0   0   0   0   0  64  16  16  16
 5   Tanganyika
     2  9999 -9999  9999 -9999
 5   Tanganyika
     3  9999 -9999  9999 -9999
 5   Tanganyika
     4  9999 -9999  9999 -9999
 5   Tanganyika
     5  9999 -9999  9999 -9999
 5   Tanganyika
     6  9999 -9999  9999 -9999
 6   Baikal
     1  9999 -9999  9999 -9999
 6   Baikal
     2  9999 -9999  9999 -9999
 6   Baikal
     3   490   507    83   129
       490 491 492 493 494 495 496 497 498 499 500 501 502 503 504 505 506 507
   129   0   0   0   0   0   0   0   0   4   0   0   0   0   0   0   0   0   0
   128   0   0   0   0   0   0   0   8  16  32  16   0   0   0   0   0   0   0
   127   0   0   0   0   0   0   1   1   1   4  64   0   0   0   0   0   0   0
   126   0   0   0   0   0   0   0   4  16  16  64   0   0   0   0   0   0   0
   125   0   0   0   0   0   0   0   1   1   4  64  16   0   0   0   0   0   0
   124   0   0   0   0   0   0   0   0   4  16   1  64   0   0   0   0   0   0
   123   0   0   0   0   0   0   0   0   1   4  64   4  16   0   0   0   0   0
   122   0   0   0   0   0   0   0   0   4  16  64   4  64   0   0   0   0   0
   121   0   0   0   0   0   0   0   0   1   4  64   4  64   0   0   0   0   0
   120   0   0   0   0   0   0   0   0   4  16  64   4  64   0   0   0   0   0
   119   0   0   0   0   0   0   0   0   1   4  64   4  64   4   0   0   0   0
   118   0   0   0   0   0   0   0   0   0   4  64   4  64   4  32   0   0   0
   117   0   0   0   0   0   0   0   0   0   4  64   4  64   4  64   0   0   0
   116   0   0   0   0   0   0   0   0   0   4  64   4  64   4  64  16   0   0
   115   0   0   0   0   0   0   0   0   0   4  64  16  64   1   4  64   0   0
   114   0   0   0   0   0   0   0   0   0   1   1   2  64  16   4  64   0   0
   113   0   0   0   0   0   0   0   0   0   0   4  16  16  64   4  64   0   0
   112   0   0   0   0   0   0   0   0   0   0   1   1   4  64   4  64   0   0
   111   0   0   0   0   0   0   0   0   0   0   8  16  16  64   4  64  16   0
   110   0   0   0   0   0   0   0   0   0   1   1   1   4  64   1   4  64   0
   109   0   0   0   0   0   0   0   0   0   4  16  16  16  64   4  16  64   0
   108   0   0   0   0   0   0   0   0   0   1   1   1   4  64   1   8   1  32
   107   0   0   0   0   0   0   0   0   0   4  16  16  16  64   4   1  64   0
   106   0   0   0   0   0   0   0   0   0   1   1   1   4  64   4  64   0   0
   105   0   0   0   0   0   0   0   0   0   4  16  16  16  64   4   1  32   0
   104   0   0   0   0   0   0   0   0   0   1   1   1   4  64   4  64   0   0
   103   0   0   0   0   0   0   0   0   0   4  16  16  16  64  16   1  32   0
   102   0   0   0   0   0   0   0   0   0   1   1   1   4   1   1  64   0   0
   101   0   0   0   0   0   0   0   0   0   4  16  16  16  64  16   0   0   0
   100   0   0   0   0   0   0   0   0   0   1   1   1   8   1  64   0   0   0
    99   0   0   0   0   0   0   0   0   0   4  16  16   1  64   0   0   0   0
    98   0   0   0   0   0   0   0   0   0   1   1   4  64   0   0   0   0   0
    97   0   0   0   0   0   0   0   0   4  16  16  16   1  32   0   0   0   0
    96   0   0   0   0   0   0   4  16   1   1   1   8  64   0   0   0   0   0
    95   0   0   0   0   0   0   2  64  16  16  16   1  64   0   0   0   0   0
    94   0   0   0   0   0   0   0   1   1   4   1  64   0   0   0   0   0   0
    93   0   0   0   0   0   0   0   4  16  16  64   0   0   0   0   0   0   0
    92   0   0   0   0   0   0   0   1   1   2  64  16   0   0   0   0   0   0
    91   0   0   0   0   0   0   2  16  16  16  16   0   0   0   0   0   0   0
    90   0   0   0   0   0   0   0   1   1   1   4   0   0   0   0   0   0   0
    89   0   0   0   0   0   0   0  16  16  16   4   0   0   0   0   0   0   0
    88   0   0   0   0   0   0   1   1   1  64   4   0   0   0   0   0   0   0
    87   0   0   1   4   0   0  64  16  16   4  16   0   0   0   0   0   0   0
    86   0   1  64   1   1   1   1   1  64   4   0   0   0   0   0   0   0   0
    85 128   8  16  16  16  16  16   4  16  16   0   0   0   0   0   0   0   0
    84  64   1   1   1   1 128   4  16   0   0   0   0   0   0   0   0   0   0
    83   0  64  16  16  16  16  16   0   0   0   0   0   0   0   0   0   0   0
 6   Baikal
     4  9999 -9999  9999 -9999
 6   Baikal
     5  9999 -9999  9999 -9999
 6   Baikal
     6  9999 -9999  9999 -9999
 7   Great Bear
     1  9999 -9999  9999 -9999
 7   Great Bear
     2  9999 -9999  9999 -9999
 7   Great Bear
     3   415   438   520   536
       415 416 417 418 419 420 421 422 423 424 425 426 427 428 429 430 431 432 433 434 435 436 437 438
   536   0   0   0   0   0   0   0   0   0   0   0   0   1   1   1   2   0   0   0   0   0   0   0   0
   535   0   0   0   0   0   0   0   0   0   0   1   1  64   4  16  16   4   0   0   4   0   0   0   0
   534   0   0   0   0   0   0   0   0   4   1  64   4  16  16   0  64  16   1 128   2   0   0   0   0
   533   0   0   0   0   0   0   0 128   4  64   4  16   0   0   0   0   1  64   8  16  16   0   0   0
   532   0   0   0   0   1   1   4  64   4  64   4   2   0   0   4   1  64   1   1   1   1   4   0   0
   531   0   0   0   8  16  16  16  64   4  64   4  64   4 128   4  64   4  16  16  16  16  16   0   0
   530   0   0   1   1   1   1   4  64   4  64   4  64   4  64   4  64   4   1   2   0   0   0   0   0
   529   0   8  16  16  16  16  16  64   1  64   1  64   1  64   1  64   1  64   0   0   0   0   0   0
   528   4   1   4   1   4   1   4  64  16  16  16  16  16  16  16  16  16   0   0   0   0   0   0   0
   527   1  64   1  64   1  64   4   1   1   1   1   1   1   1   1 128   0   0   0   0   0   0   0   0
   526   0   0   0   0   0   0   1   4  32  16  16  16  16  16  16  16   0   0   0   0   0   0   0   0
   525   0   0   0   0   0   4   0   4   1   1   1   1   1   1 128   0   0   4   0   0   0   0   0   0
   524   0   0   0   0   4  16  32  16  64  16  16  16  16  16  16  16  16  16  32  16  16   0   8  16
   523   0   0   0   0   4   1   1   1   1   1   1   1   1   1   1   1   1   1   1   1  64   4   1  64
   522   0   0   0   0   4  64  16  16  16  16  16  16  16  16  16  16  16  16  16  16  16  16  64   0
   521   0   0   0   0   1   4   1   2   1   1   1   4   1   1   1   1   2   1   1   2   1   2  64   0
   520   0   0   0   0   0   1  64   0  64   0   0 128   0   0   0   0   0  64   0   0  64   0  64   0
 7   Great Bear
     4  9999 -9999  9999 -9999
 7   Great Bear
     5  9999 -9999  9999 -9999
 7   Great Bear
     6  9999 -9999  9999 -9999
 8   Malawi
     1   710   720   216   265
       710 711 712 713 714 715 716 717 718 719 720
   265   0   2   0   0   0   0   0   0   0   0   0
   264   0  64   1   2   0   0   0   0   0   0   0
   263   1  64   8  16  16   0   0   0   0   0   0
   262  64   1   1   1   2   0   0   0   0   0   0
   261   4  16  16  16  16  16   0   0   0   0   0
   260   1   1   1   1   1   1   4   0   0   0   0
   259   0   4  16  16  16  16  16   0   0   0   0
   258   0   1   4   1   1   1   4   0   0   0   0
   257   0   0   1  64   4  16  16   0   0   0   0
   256   0   0   0   0   1   1   4   0   0   0   0
   255   0   0   0   4  16  16  16   0   0   0   0
   254   0   0   0   1   1   1   4   0   0   0   0
   253   0   0   0   0   8  16  16   0   0   0   0
   252   0   0   0   1   1   1   1   1   4   0   0
   251   0   0   0   4  16  16  16  16   4   0   0
   250   0   0   0   1   1   1   4   0  32   0   0
   249   0   0   0   4  16  16  16   0   0   0   0
   248   0   0   0   1   1   1   4   0   0   0   0
   247   0   0   0   4  16  16  16   1   4   0   0
   246   0   0   0   1   1   1   1  64   2   0   0
   245   0   0   0   4  16  16  16  16  16  16   0
   244   0   0   0   1   1   1   1   1   1   1   4
   243   0   0   0   0   8  16  16  16  16  16  16
   242   0   0   0   1   1   1   1   1   1   1   4
   241   0   4   0   4  16  16  16  16  16  16  16
   240   0   4  32  16   1   1   1   1   1   1   4
   239   0   4   1   4  64   4  16  16  16  16  16
   238   0   4  64   4  64   1   1   1   1   4   0
   237   0   2  64   4  64   4  16  16  16  16   0
   236   0   0  64   4  64   1   1   1   4   0   0
   235   0   0   0   4  64   4  16  16  16   0   0
   234   0   0   0   4  64   1   1   1   2   0   0
   233   0   0   0   4  64   4  16  16  16  16   0
   232   0   0   0   4  64   1   1   1   1   4   0
   231   0   0   0   2  64   4  16  16  16  16   0
   230   0   0   0   0  64   1   1   1   1   4   0
   229   0   0   0   0   0   4  16  16  16  16   0
   228   0   0   0   0   0   1   1   1   1   4   0
   227   0   0   0   0   0   4  16  16  16  16   0
   226   0   0   0   0   0   1   1   1   1   2   0
   225   0   0   0   0   0   4  16  16  16  16  16
   224   0   0   0   0   0   1   1   1   1   1   4
   223   0   0   0   0   0   2  16  16  16  16  16
   222   0   0   0   0   0   0   1   1   1   1   4
   221   0   0   0   0   0   0   4  16  16  16  16
   220   0   0   0   0   0   0   4   1   4   1   4
   219   0   0   0   0   0   0   4  64   1  64   2
   218   0   0   0   0   0   0   2  64  16  16  16
   217   0   0   0   0   0   0   0   4   1 128   0
   216   0   0   0   0   0   0   0   1  64   0   0
 8   Malawi
     2  9999 -9999  9999 -9999
 8   Malawi
     3  9999 -9999  9999 -9999
 8   Malawi
     4  9999 -9999  9999 -9999
 8   Malawi
     5  9999 -9999  9999 -9999
 8   Malawi
     6  9999 -9999  9999 -9999
 9   Great Slave
     1  9999 -9999  9999 -9999
 9   Great Slave
     2  9999 -9999  9999 -9999
 9   Great Slave
     3   393   428   559   574
       393 394 395 396 397 398 399 400 401 402 403 404 405 406 407 408 409 410 411 412 413 414 415 416 417 418 419 420 421 422 423 424 425 426 427 428
   574   0   0   0   0   0   0   0   0   0   0   0   0   0   0   0   0   0   0   0   0   0   0   0   1   4   2   0   1   4   2   0   0   0   0   0   0
   573   0   0   0   0   0   0   0   0   0   0   0   0   0   0   0   0   0   0   0   0   0   0   1  64   1  64   1  64   1  64   4   0   0   0   0   0
   572   0   0   0   0   0   0   0   0   0   0   0   0   0   0   0   0   0   0   0   0   0   0  64   4  16   4  16   4  16   4   1   1   1   4   0   0
   571   0   0   0   0   0   0   0   0   0   0   0   0   0   0   0   4   0   0   0   8   0   0  64   4  64   4  64   4  64   4  32  16  16  16   0   0
   570   0   0   0   0   0   0   0   0   0   0   0   0   0   0   8  16  32  16  16  64  16  16  16   4  64   4  64   4  64   1   1   1   1   1   1   4
   569   0   0   0   0   0   0   0   0   0   0   0   0   0   1   1   1   1   1   1   1   1   1   4  32  64  16  64  16  64  16   4  16  16  16  16  16
   568   0   0   0   0   0   0   0   0   0   0   0   0   4  16  16  16  16  16  16  16  16  16  16   1   4   1   4   1   1   0  32   0   0   0   0   0
   567   0   0   0   0   0   0   0   0   0   0   0   4  16   1   1   1   1   1   1   1   1   1   4  64   4  64   4  64  16   0   0   0   0   0   0   0
   566   0   0   0   0   0   0   0   0   0   0   4  16   4  64   4  16  16  16  16  16  16  16  16  64   4  64   4   1  64   0   0   0   0   0   0   0
   565   0   0   0   0   0   0   0   4  16  16  16 128   4  64   1   4   1   1   1   1   4   1   4  64   4  64   4  64   0   0   0   0   0   0   0   0
   564   0   0   4  16  16  16  16  16   4   1   4  64 128   0   0   1  64   0   0   0   4  64   4  64   4  64 128   0   0   0   0   0   0   0   0   0
   563   0   4  16   1   4   1   4 128   4  64   4  64   0   0   0   0   0   0   0   2  16  64   4  64   4  64   0   0   0   0   0   0   0   0   0   0
   562   4  16   4  64   2  64   4  64   4  64 128   0   0   0   0   0   0   0   0   0   8  64   1  64   4  64   0   0   0   0   0   0   0   0   0   0
   561   1 128   4  64  16  64   1  64   4  64   0   0   0   0   0   0   0   0   0   1   1  64   0   4  16   1  32   0   0   0   0   0   0   0   0   0
   560   0   0   1   1  64   0   0   0 128   0   0   0   0   0   0   0   0   0   0   0   0   0   0   1   4  64   0   0   0   0   0   0   0   0   0   0
   559   0   0   0   0   0   0   0   0   0   0   0   0   0   0   0   0   0   0   0   0   0   0   0   0   1  64   0   0   0   0   0   0   0   0   0   0
 9   Great Slave
     4  9999 -9999  9999 -9999
 9   Great Slave
     5  9999 -9999  9999 -9999
 9   Great Slave
     6  9999 -9999  9999 -9999
10   Erie
     1  9999 -9999  9999 -9999
10   Erie
     2  9999 -9999  9999 -9999
10   Erie
     3  9999 -9999  9999 -9999
10   Erie
     4  9999 -9999  9999 -9999
10   Erie
     5     2    23   482   516
         2   3   4   5   6   7   8   9  10  11  12  13  14  15  16  17  18  19  20  21  22  23
   516   0   8  16   0   0   0   0   0   0   0   0   0   0   0   0   0   0   0   0   0   0   0
   515   1   1   4  32   0   0   0   0   0   0   0   0   0   0   0   0   0   0   0   0   0   0
   514   0   4  16  64   4   0   0   0   0   0   0   0   0   0   0   0   0   0   0   0   0   0
   513   0   1   4  64   4  32   0   0   0   0   0   0   0   0   0   0   0   0   0   0   0   0
   512   0  16  16  64  16  64  16   0   0   0   0   0   0   0   0   0   0   0   0   0   0   0
   511   0   1   1   1   1   1  64   0   0   0   0   0   0   0   0   0   0   0   0   0   0   0
   510   0  64  16  16  16  16  16  16  16   0   0   0   0   0   0   0   0   0   0   0   0   0
   509   0   1   1   1   1   1   1   1  64   0   0   0   0   0   0   0   0   0   0   0   0   0
   508   0   0  32  16  16  16  16  16  16   0   0   0   0   0   0   0   0   0   0   0   0   0
   507   0   0   1   1   1   1   1   1  64   0   0   0   0   0   0   0   0   0   0   0   0   0
   506   0   0   0  32  16  16  16  16  16  16  16   0   0   0   0   0   0   0   0   0   0   0
   505   0   0   0   0   1   1   1   1   1   1  64   0   0   0   0   0   0   0   0   0   0   0
   504   0   0   0   0  64  16  16  16  16  16  16  16  16   0   0   0   0   0   0   0   0   0
   503   0   0   0   0   0   1   1   1   1   1   1   1  64   0   0   0   0   0   0   0   0   0
   502   0   0   0   0   0  64  16  16  16  16  16  16  16   0   0   0   0   0   0   0   0   0
   501   0   0   0   0   0   1   1   1   1   1   1   1   1  32   0   0   0   0   0   0   0   0
   500   0   0   0   0   0  64   4  16  16  16  16  16  16  16  16   0   0   0   0   0   0   0
   499   0   0   0   0   0  64  16   1   1   1   1   1   1   1  64   0   0   0   0   0   0   0
   498   0   0   0   0   0   0   0  64  16  16  16  16  16  16  16  16   0   0   0   0   0   0
   497   0   0   0   0   0   0   0   1   1   1   1   1   1   1   1   1  32   0   0   0   0   0
   496   0   0   0   0   0   0   0  64   8   4  16  16  16  16  16  16  16  16  16   0   0   0
   495   0   0   0   0   0   0   0  64  64  16   1   1   1   1   1   1   1   1  64   0   0   0
   494   0   0   0   0   0   0   0   0   0   0  64  16  16  16  16  16  16  16  16   0   0   0
   493   0   0   0   0   0   0   0   0   0   0   0   1   1   1   1   1   1   1   1  32   0   0
   492   0   0   0   0   0   0   0   0   0   0   0  64  16  16  16  16  16  16  16  16   0   0
   491   0   0   0   0   0   0   0   0   0   0   0   1   1   1   1   1   1   1   1  64   0   0
   490   0   0   0   0   0   0   0   0   0   0   0   0  32  16  16  16  16  16  16  16  16   0
   489   0   0   0   0   0   0   0   0   0   0   0   0   0   1   1   1   1   1   1   1  64   0
   488   0   0   0   0   0   0   0   0   0   0   0   0   0  64  16  16  16  16  16  16  16  16
   487   0   0   0   0   0   0   0   0   0   0   0   0   0   0   0   1   1   1   1   1   1  64
   486   0   0   0   0   0   0   0   0   0   0   0   0   0   0   0  64  16  16  16  16  16  16
   485   0   0   0   0   0   0   0   0   0   0   0   0   0   0   4   1   4   1   1   1 128   0
   484   0   0   0   0   0   0   0   0   0   0   0   0   0   0   1  64   4  64  16   0   0   0
   483   0   0   0   0   0   0   0   0   0   0   0   0   0   0   0   0   1   4  64   0   0   0
   482   0   0   0   0   0   0   0   0   0   0   0   0   0   0   0   0   0   1  64   0   0   0
10   Erie
     6  9999 -9999  9999 -9999
11   Winnipeg
     1  9999 -9999  9999 -9999
11   Winnipeg
     2  9999 -9999  9999 -9999
11   Winnipeg
     3   338   357   639   670
       338 339 340 341 342 343 344 345 346 347 348 349 350 351 352 353 354 355 356 357
   670   0   0   0   4  16   0   0   0   0   0   0   0   0   0   0   0   0   0   0   0
   669   0   0   8   4  64   0   0   0   0   0   0   0   0   0   0   0   0   0   0   0
   668   0   4  64   4  64   0   0   0   0   0   0   0   0   0   0   0   0   0   0   0
   667   0   4  64   4  64   0   0   0   0   0   0   0   0   0   0   0   0   0   0   0
   666   0   4  64   4  64   0   0   0   0   0   0   0   0   0   0   0   0   0   0   0
   665   0   4  64   4  64   0   0   0   0   0   0   0   0   0   0   0   0   0   0   0
   664   4  16  64   4  64   0   0   0   0   0   0   0   0   0   0   0   0   0   0   0
   663   1   4  64  16  64  16   0   0   0   0   0   0   0   0   0   0   0   0   0   0
   662   0   1   1   1   4  64   0   0   0   0   0   0   0   0   0   0   0   0   0   0
   661   0   2  16  16  16  64   0   0   0   0   0   0   0   0   0   0   0   0   0   0
   660   0   0   1   1   2  64  16   0   0   0   0   0   0   0   0   0   0   0   0   0
   659   0   0   0   4  16  16  64   0   0   0   0   0   0   0   0   0   0   0   0   0
   658   0   0   0   4   1   4  64   0   0   0   0   0   0   0   0   0   0   0   0   0
   657   0   0   0   1  64   4  64  16  16   4  16   0   0   0   0   0   0   0   0   0
   656   0   0   0   0   0   1   1   4  64   4  64   4  16   0   0   0   0   0   0   0
   655   0   0   0   0   0   4  16  16  64   4  64   4  64   0   0   0   0   0   0   0
   654   0   0   0   0   0   1   1   4  64   4  64   4  64   0   0   0   0   0   0   0
   653   0   0   0   0   0   2  16  16  64   4  64   4  64   4  16   0   0   0   0   0
   652   0   0   0   0   0   0   4   4  64   4  64   4  64   8  64   0   0   0   0   0
   651   0   0   0   0   0   0 128   4  64  16  64  16  64   1  64   0   0   0   0   0
   650   0   0   0   0   0   0   0   4   1   1   1   1   4  64  16  16  16   0   0   0
   649   0   0   0   0   0   0   0 128   4  16  16  16  16   1   1   1   1  32   0   0
   648   0   0   0   0   0   0   0   0   1   1   1   1   4  64  16  16  16  16   0   0
   647   0   0   0   0   0   0   0   0   0   4  16  16  16   1   1   1   1  64   0   0
   646   0   0   0   0   0   0   0   0   0   1   1   1   4  64  16  16  16  16  16   0
   645   0   0   0   0   0   0   0   0   0   4  16  16  16   1   1   1   1   1   1  32
   644   0   0   0   0   0   0   0   0   0   1   1   1   4  64  16  16  16  16  16  16
   643   0   0   0   0   0   0   0   0   0   0   4  16  16   1   1   1   1   1 128   4
   642   0   0   0   0   0   0   0   0   0   0   1   4   4  64  16  16  16  16   4  16
   641   0   0   0   0   0   0   0   0   0   0   0 128   4   1   1   1   1  64   4   0
   640   0   0   0   0   0   0   0   0   0   0   0   0   4  64   4  16   4  16  16   0
   639   0   0   0   0   0   0   0   0   0   0   0   0   0   0  32  64  16   0   0   0
11   Winnipeg
     4  9999 -9999  9999 -9999
11   Winnipeg
     5  9999 -9999  9999 -9999
11   Winnipeg
     6  9999 -9999  9999 -9999
12   Ontario
     1  9999 -9999  9999 -9999
12   Ontario
     2  9999 -9999  9999 -9999
12   Ontario
     3   190   212   702   720
       190 191 192 193 194 195 196 197 198 199 200 201 202 203 204 205 206 207 208 209 210 211 212
   720   0   0   0   0   0   0   0   0   0   0   0   0   0   0   0   0   0   0   0   1   1   1   4
   719   0   0   0   0   0   0   0   0   0   0   0   0   0   0   0   4  16  16   0  64   4  16  16
   718   0   0   0   0   0   0   0   0   0   0   0   0   0   0   0   1   4  64   1  64   1   1   4
   717   0   0   0   0   0   0   0   0   0   0   0   0   0   4  16  16  16  64  16  16  16  16  16
   716   0   0   0   0   0   0   0   4  16   4  16   4  16   1   1   1   1   1   1   1   1   1   8
   715   0   0   0   0   0   0   0   4  64  16  64  16  64  16  16  16  16  16  16  16  16  16   0
   714   0   0   0   4  16   4  16   1   1   1   1   1   1   1   1   1   1   1   1   1   1   8   0
   713   0   0   8  16  64  16  64  16  16  16  16  16  16  16  16  16  16  16  16  16  16   0   0
   712   0   1   1   1   1   1   1   1   1   1   1   1   1   1   1   1   1   1   1   8   0   0   0
   711   2  16  16  16  16  16  16  16  16  16  16  16  16  16  16  16  16   4  16   0   0   0   0
   710   0   1   1   1   1   1   1   1   1   1   1   1   1   1   1   8  64  16   0   0   0   0   0
   709   0   4  16  16  16  16  16  16  16  16   4  16  16  16   4   0   0   0   0   0   0   0   0
   708   0   1   1   1   1   1   1   1   4  64  16   0   0  64  16   0   0   0   0   0   0   0   0
   707   0   2  16  16  16  16  16  16  16   0   0   0   0   0   0   0   0   0   0   0   0   0   0
   706   0   0   1   1   1   1   1   1   4   0   0   0   0   0   0   0   0   0   0   0   0   0   0
   705   0   0   4  16  16  16   4  16  16   0   0   0   0   0   0   0   0   0   0   0   0   0   0
   704   0   0   1   1   8  64  16   0   0   0   0   0   0   0   0   0   0   0   0   0   0   0   0
   703   0   0   0   1   4   0   0   0   0   0   0   0   0   0   0   0   0   0   0   0   0   0   0
   702   0   0   0   0   4   0   0   0   0   0   0   0   0   0   0   0   0   0   0   0   0   0   0
12   Ontario
     4  9999 -9999  9999 -9999
12   Ontario
     5  9999 -9999  9999 -9999
12   Ontario
     6  9999 -9999  9999 -9999
13   Balkhash
     1  9999 -9999  9999 -9999
13   Balkhash
     2  9999 -9999  9999 -9999
13   Balkhash
     3   314   354     3    19
       314 315 316 317 318 319 320 321 322 323 324 325 326 327 328 329 330 331 332 333 334 335 336 337 338 339 340 341 342 343 344 345 346 347 348 349 350 351 352 353 354
    19   0   0   0   0   0   0   0   0   0   0   0   0   0   0   0   0   0   8  16  16  16  16   0   0   0   0   0   0   0   0   0   0   0   0   0   0   0   0   0   0   0
    18   0   0   0   0   0   0   0   0   0   8  16  16  16  16  16  16  16   1   1   1   1   1  32   0   0   0   0   0   0   0   0   0   0   0   0   0   0   0   4   4  16
    17   0   0   0   0   0   0   0   0   1   1   1   1   1   1   1   1   4  64  16  16  16  16  16   0   0   0   0   0   0   0   0   0   0   0   0   0   4  16   4  32  64
    16   0   0   0   0   0   0   4  16  16  16  16  16  16  16  16  16  16   1   1   1   1   1  64   8   4  16   4  16   4  16   4  16   4  16   4  16  16  64  16   1  64
    15   0   0   0   0   4  16   1   1   1   1   1   1   1   1   1   1   4  64   8  16  16  16  16  64  16  64  16  64  16  64  16  64  16  64  16   1   1   1   1  64   4
    14   0   0   0   4  16  64  16  16  16  16  16  16  16  16  16  16  16  64   0   0   0   0   0   0   0   0   0   0   0   0   0   0   1   1   1  64   4  16  16  16  16
    13   0   0   0   1   4   1   1   1   1   1   1   8   0   0   0   0   0   0   0   0   0   0   0   0   0   0   0   0   0   0   0   0  64  16  16  16  16   0   0   0   0
    12   0   0   0   0   1  64   8   4   4  16   4   0   0   0   0   0   0   0   0   0   0   0   0   0   0   0   0   0   0   0   0   0   0   0   0   0   0   0   0   0   0
    11   0   0   0   0  16  16  64   4  32  64  16   0   0   0   0   0   0   0   0   0   0   0   0   0   0   0   0   0   0   0   0   0   0   0   0   0   0   0   0   0   0
    10   0   1   4   1   4   1  64   4   0   0   0   0   0   0   0   0   0   0   0   0   0   0   0   0   0   0   0   0   0   0   0   0   0   0   0   0   0   0   0   0   0
     9   0  64   1  64   1  64   4  16   0   0   0   0   0   0   0   0   0   0   0   0   0   0   0   0   0   0   0   0   0   0   0   0   0   0   0   0   0   0   0   0   0
     8 128  16  16  16  16  16   4   0   0   0   0   0   0   0   0   0   0   0   0   0   0   0   0   0   0   0   0   0   0   0   0   0   0   0   0   0   0   0   0   0   0
     7   0   1   1   1 128   4  16   0   0   0   0   0   0   0   0   0   0   0   0   0   0   0   0   0   0   0   0   0   0   0   0   0   0   0   0   0   0   0   0   0   0
     6   0   0  32  16   4  16   0   0   0   0   0   0   0   0   0   0   0   0   0   0   0   0   0   0   0   0   0   0   0   0   0   0   0   0   0   0   0   0   0   0   0
     5   0   1   1  64   4   0   0   0   0   0   0   0   0   0   0   0   0   0   0   0   0   0   0   0   0   0   0   0   0   0   0   0   0   0   0   0   0   0   0   0   0
     4   0   0  32  16   4   0   0   0   0   0   0   0   0   0   0   0   0   0   0   0   0   0   0   0   0   0   0   0   0   0   0   0   0   0   0   0   0   0   0   0   0
     3   0   0   0  64  16   0   0   0   0   0   0   0   0   0   0   0   0   0   0   0   0   0   0   0   0   0   0   0   0   0   0   0   0   0   0   0   0   0   0   0   0
13   Balkhash
     4  9999 -9999  9999 -9999
13   Balkhash
     5  9999 -9999  9999 -9999
13   Balkhash
     6  9999 -9999  9999 -9999
14   Ladoga
     1  9999 -9999  9999 -9999
14   Ladoga
     2  9999 -9999  9999 -9999
14   Ladoga
     3   186   197   204   218
       186 187 188 189 190 191 192 193 194 195 196 197
   218   0   0   0   0   0   8  16  16  16  16  16   0
   217   0   0   0   0   1   1   1   1   1   4  64   0
   216   0   0   0   0   0   8  16  16  16  16  64  16
   215   0   0   0   0   1   1   1   1   1   1   4  64
   214   0   0   0   4  16  16  16  16  16  16  16  64
   213   0   0   0   1   1   1   1   1   1   4   1  64
   212   0   0   0   4  16  16  16  16  16  16  64   0
   211   0   0   0   1   1   1   1   1   1   4  64   0
   210   0   0   0   8  16  16  16  16  16  16   1  32
   209   0   0   1   1   1   1   1   1   1   8  64   0
   208   0  16  16  16  16  16   4  16   4   1  64   0
   207   0   1   1   1   4  64   4  64   4  64   0   0
   206 128  16  16  16   8  64  16  64  16  64   0   0
   205   0   0   0   1   1   4   1   1 128   0   0   0
   204   0   0   0   0   0 128   0   0   0   0   0   0
14   Ladoga
     4  9999 -9999  9999 -9999
14   Ladoga
     5  9999 -9999  9999 -9999
14   Ladoga
     6  9999 -9999  9999 -9999
15   Aral
     1  9999 -9999  9999 -9999
15   Aral
     2  9999 -9999  9999 -9999
15   Aral
     3   205   240     2    33
       205 206 207 208 209 210 211 212 213 214 215 216 217 218 219 220 221 222 223 224 225 226 227 228 229 230 231 232 233 234 235 236 237 238 239 240
    33   0   0   0   0   0   0   0   0   0   0   0   0   0   0   0   0   0   0   0   0   0   0   0   0   0   0   0   8   4   0   0   0   0   0   0   0
    32   0   0   0   0   0   0   0   0   0   0   0   0   0   0   0   0   0   0   0   0   0   0   0   8   4  16   4  64   4  32   0   0   8   4  16  16
    31   0   0   0   0   0   0   0   0   0   0   0   0   0   0   0   0   0   0   0   0   4  16   4  64   4  64   4  64   4  64   4   4  64   8   1  64
    30   0   0   0   0   0   0   0   0   0   0   0   0   0   0   0   0   0   0   0   0   4  64   4  64   4  64   4  64   4  64   4  32  64   1  64   0
    29   0   0   0   0   0   0   0   0   0   0   0   0   0   4  16   0   0   0   4  16   4  64   4  64   4  64   4  64   4  64   4   1   1  64   0   0
    28   0   0   0   0   0   0   0   0   0   0   0   0   8  16  64  16   4  16   4  64   4  64   4  64   4  64   4  64  16  64  16  64   0   0   0   0
    27   0   0   0   0   0   0   0   0   0   0   0   1   1   1   4  64   4  64   4  64   4  64   4  64   4  64   4   1   1   1   1  64   0   0   0   0
    26   0   0   0   0   0   0   0   0   0   0   4  16   4  16   4  64   4  64   4  64   4  64   4  64   4  64   4  64   0   0   0   0   0   0   0   0
    25   0   0   0   0   0   0   0   0   0   8  16  64  16  64  16  64  16  64  16  64  16  64  16  64  16  64  16   1  32   0   0   0   0   0   0   0
    24   0   0   0   0   0   0   0   0   1   1   1   1   1   1   1   1   1   1   1   1   1   1   1   1   1   4   1  64   0   0   0   0   0   0   0   0
    23   0   0   0   0   0   0   0   8  16  16  16  16  16  16  16  16  16  16  16  16  16  16  16  16  16  16  64   0   0   0   0   0   0   0   0   0
    22   0   0   0   0   0   0   1   1   1   1   1   1   1   1   1   1   1   1   1   1   1   1   1   1   1   4  64  16   0   0   0   0   0   0   0   0
    21   0   0   0   0   0   8  16  16  16  16  16  16  16  16  16  16  16  16  16  16  16  16  16  16  16  16 128   0   0   0   0   0   0   0   0   0
    20   0   0   0   0   1   1   1   1   1   1   1   1   1   1   1   1   1   1   1   1   1   1   1   1   1   4  64  16   0   0   0   0   0   0   0   0
    19   0   0   0   0   4  16  16  16  16  16  16  16  16  16  16  16  16  16  16  16  16  16  16  16  16   1   1   4   0   0   0   0   0   0   0   0
    18   0   0   0   0   1   1   1   1   1   1   1   1   1   1   1   1   1   1   1   1   1   1   1   2  64  16   4  16   0   0   0   0   0   0   0   0
    17   0   0   0   8  16  16  16  16  16  16  16  16  16  16  16  16  16  16  16  16  16  16  16  16  16  64   4   0   0   0   0   0   0   0   0   0
    16   0   0   1   1   1   1   1   1   1   1   1   1   1   1   1   1   1   1   1   1   1   1   1   1   4  64   1   1   1   4   0   0   0   0   0   0
    15   0   0   4  16  16  16  16  16  16  16  16  16  16  16  16  16  16  16  16  16  16  16  16  16  16  64   4  16  16  16   0   0   0   0   0   0
    14   0   0   1   1   1   1   1   1   1   1   1   1   1   1   1   1   1   1   1   1   1   1   1   1   4  64   1   1   1   8   0   0   0   0   0   0
    13   0   0   8  16  16  16  16  16  16  16  16  16  16  16  16  16  16  16  16  16  16  16  16  16  16  64   8  16  16   0   0   0   0   0   0   0
    12   0   1   1   1   1   1   1   1   1   1   1   1   1   1   1   1   1   1   1   1   1   1   1   1   8  64   0   0   0   0   0   0   0   0   0   0
    11   0   8  16  16  16  16  16  16  16  16  16  16  16  16  16  16  16  16  16  16  16  16  16  16   0   0   0   0   0   0   0   0   0   0   0   0
    10   1   1   1   1   1   1   1   1   1   1   1   1   1   1   1   1   1   1   1   1   1   1   8   0   0   0   0   0   0   0   0   0   0   0   0   0
     9   2  16  16  16  16  16  16  16  16  16  16  16  16  16  16  16  16  16  16  16  16  16   0   0   0   0   0   0   0   0   0   0   0   0   0   0
     8   0   1   1   1   1   4   1   1   1   1   1   1   1   1   1   1   1   1   1   1   8   0   0   0   0   0   0   0   0   0   0   0   0   0   0   0
     7   0   0   0   0   0   1  64   2  16  16  16  16  16  16  16  16  16  16  16  16   0   0   0   0   0   0   0   0   0   0   0   0   0   0   0   0
     6   0   0   0   0   0   0   0   0   1   1   1   1   1   1   1   1   1   1   8   0   0   0   0   0   0   0   0   0   0   0   0   0   0   0   0   0
     5   0   0   0   0   0   0   0   0   4  16   4  16   4  16   4  16   4  16   0   0   0   0   0   0   0   0   0   0   0   0   0   0   0   0   0   0
     4   0   0   0   0   0   0   0   0  16  64   4  64   4  64   4  64   4   0   0   0   0   0   0   0   0   0   0   0   0   0   0   0   0   0   0   0
     3   0   0   0   0   0   0   0   0   0   0  32  64   4  64  16  64   1   8   0   0   0   0   0   0   0   0   0   0   0   0   0   0   0   0   0   0
     2   0   0   0   0   0   0   0   0   0   0   0  64  16   0   0   0  32   0   0   0   0   0   0   0   0   0   0   0   0   0   0   0   0   0   0   0
15   Aral
     4  9999 -9999  9999 -9999
15   Aral
     5  9999 -9999  9999 -9999
15   Aral
     6  9999 -9999  9999 -9999
16   Chad
     1   541   544   463   466
       541 542 543 544
   466   4  16  16   4
   465   4   1 128   8
   464   2  64   0   0
   463   0  64   0   0
16   Chad
     2  9999 -9999  9999 -9999
16   Chad
     3  9999 -9999  9999 -9999
16   Chad
     4  9999 -9999  9999 -9999
16   Chad
     5  9999 -9999  9999 -9999
16   Chad
     6  9999 -9999  9999 -9999
