    1   47    5  128.   amazon
    1   46    7  128.
    1   18   76    4.   orange
    2   50    9    4.   east africa
    2   52    9    4.
    2   54   13    8.
    2   54   12    4.
    2   53   12    8.
    2   52   11    8.
    2   52   10    4.
    2   51   10    8.
    2   69   63    4.   irrawaddy
    2   68   63    4.
    2   70   63    4.
    2   79   66    4.   salween
    2   78   66    4.
    2   76   67    4.
    2   75   67    4.
    2   82   66    4.   mekong
    2   81   66    4.
    2   80   66    2.
    2   79   67    4.
    2   77   68    4.
    2   76   68    4.
    2   75   68    2.
    2   74   69    4.
    2   67   73    2.
    2   66   74    4.
    2   65   74    4.
    2   96   77    1.   huanghe
    2   96   78    1.
    2    6   95    4.   australia
    2   22   95   32.
    2   23   94   32.
    2   22   94   64.
    3   14   21    4.   don
    3   33   13    1.   odra
    3   30   26    4.   neva
    3   28   26   64.
    3   34   61   64.
    3   44   70   16.
    3   67   61    4.   mackenzie
    3   66   61    4.
    3   63   73    8.   kuskokwim
    3   92   66   64.   columbia
    3   82   48   32.   churchill
    3   82   47   64.
    3   36   62   32.   mouth of lena
    3   36   61   64.
    4   21   81    8.   lake eyre
    4   19   82    4.
    5   32   11    4.   san joaquin
    5   31   11    8.
    5   30   10    8.
    5   29    9   16.
    5   29    8    8.
    5   28    7    4.
    5   27    7    4.
    5   28    4    1.   sacramento
    5   60   11   16.   tennesseee
    5   60   10   16.
    5   75   41   16.   magdalena/cauca
    5   75   40   16.
    5   74   40   16.
    5   74   39   16.
    5   74   38   16.
    5   83   58  128.   amazon
    5   89   93  128.
    5   90   94  128.
    5   91   95   64.
    1   12    1    8.
    1   11    1   16.
    5   96   86    2.
    1   87   91   64.   nile
